  system             na1 no ns   SG       V1    dV1   dSh   dTv   da    db    dc   dalp  dbet  dgam   dr  phi  dev
    str                #  #  #   str      Ao3    %     %     %     %     %     %    deg   deg   deg  mAo  deg  mAo
median                                         -7.5   4.3   4.9  -3.0  -3.1  -0.6  -0.0  -0.0   0.0   10  4.7   29
mean                                           -7.6   6.3   6.7  -2.9  -3.6  -0.3  -0.4   0.2   0.1   45  5.7   36
standard dev                                    2.7   5.1   4.6   7.3   6.9   5.8   2.0   4.1   0.9   76  4.6   34
lower decile                                  -11.0   1.6   2.0 -11.5 -10.5  -7.3  -1.7  -3.2  -0.3    2  1.2   15
upper decile                                   -4.9  14.1  13.2   5.3   4.9   8.4   0.2   5.8   0.2  151 12.2   57
min                                           -17.2   0.0   1.2 -19.9 -19.5 -15.5 -10.9 -11.3  -2.1    1  0.2    9
max                                            -2.1  22.5  21.4  21.6  16.6  15.3   4.5  13.5   4.7  341 21.4  278
------------------------------------------------------------------------------------------------------------------
anthracene            24  1  2  P21/c    9.38  -4.9  16.6  15.7  12.7 -17.8   8.5  -0.2  10.1  -0.4   18 12.2   13
anthraquinone         24  1  2  P21/c    9.67  -7.5   3.8   6.3  -2.6   1.0  -4.8  -0.3   2.8   0.5    5  7.1   23
benzene               12  1  2  Pbca     9.54  -4.1  11.6  11.5 -15.6  -1.4  15.3   0.2  -0.0   0.0    8 14.2    9
benzeneF6             12  2  1  P21/n   13.26 -17.2   2.9   9.2  -4.9  -4.7  -8.6  -0.1   0.5  -0.0   13  6.4   23
benzeneO2             12  1  2  P21/c   10.70  -8.1   1.6   3.2  -3.6  -0.9  -4.0  -0.1  -0.6   0.1    2 10.1   17
benzodithiopheneO2    18  1  2  P21/n   11.82  -9.1  10.6  10.3 -18.9  14.0  -1.6   0.2   0.1  -0.0    8 10.7   33
benzotrithiophene     21  1  1  P21/n   12.45  -7.9  14.3  14.1  -7.7 -14.6  14.9  -0.0  -2.6  -0.1   81  8.8   23
benzotrithiopheneA    21  2  1  P21     12.11  -9.2   4.7   4.7  -6.8  -3.1   1.0   0.2   0.9   0.1   89  2.9   22
bithiophene           16  1  2  P21/c   11.72  -9.0  13.6  13.0  14.7 -10.2  -7.6  -0.7   7.2  -0.6    6 10.0   25
BODIPY                21  1  1  C2/c     9.97 -11.1   4.5   4.4  -4.7  -7.6   0.9   0.0  -0.1   0.0   51  2.9   27
BTBT                  24  1  2  P21/c   10.91  -7.1   3.0   3.7  -0.6  -0.8  -6.2   0.1  -1.3   0.0    3  4.7   22
C60                   60  1  6  Pa-3    11.70  -8.3   0.0   2.8  -2.8  -2.8  -2.8  -0.0  -0.0  -0.0    1  0.2   15
carbazole             22  1  2  Pnma     9.21  -6.3   2.3   1.8  -1.2  -0.4  -4.7  -0.0   0.1   0.2   22  0.6   20
carbazoleNO2b         24  1  1  P21/n    9.96 -11.1   3.4   4.1  -0.3  -8.7  -2.7  -0.1  -1.6   0.1  139  4.5   48
chrysene              30  1  2  C12/n1   9.38  -5.8  14.1  13.2   1.5 -19.5  14.7   0.0 -11.3  -0.0   14  9.8   15
coronene              36  1  2  P21/n    9.57  -5.9   2.8   2.1   1.0  -6.2  -0.6  -0.0   0.0   0.0    2  1.0   14
DATT                  48  1  1  P21      9.98  -4.9   3.0   2.5  -5.5   1.1  -0.2   1.4   1.6  -0.4   37  1.9   47
DBTTF                 26  1  2  P21/c   11.69  -8.8   3.4   4.5  -0.3  -6.6  -3.5  -0.4  -2.1  -0.1    9  5.2   32
dibenzoindigo         42  1  2  P21/n    9.59  -6.7   4.2   1.7  -5.2   0.0  -1.6  -0.1   0.8   0.1   21  2.0   40
DNBDT                 42  1  2  P21/n    9.94  -6.3   2.4   1.5  -0.3  -5.3  -0.6  -0.0   0.3  -0.2    4  1.6   35
DNTT                  36  1  1  P21     10.39  -5.6   9.2   8.7  -5.0  -0.1   1.4 -10.9   0.5  -2.1  341  7.7   37
hexacene              42  2  2  P-1      9.05  -2.1  11.4  11.1 -14.2  16.6   0.8   4.5   5.9   0.7    9 11.7   32
HMTTF                 28  1  1  P21/c   10.18  -9.7   5.4   5.9  -5.9  -3.6  -0.2  -5.2  -0.8  -0.3  304  5.0   54
ICZb                  32  1  2  P21/c    9.16  -6.3  13.8  12.7   8.4  -2.7  -7.3  -0.3  11.5  -1.3    2  4.7   29
ICZbCl2c              32  1  2  P21/c   10.34  -7.5   3.9   4.1  -0.3   0.7  -7.5  -0.0   1.2  -0.0    3  5.6   36
IF12b                 34  1  2  P21/n    9.17  -3.6   1.4   1.2  -0.6  -2.9  -0.1  -0.1   0.4   0.1    6  0.4   22
IF21a                 34  1  1  P21/c    9.58  -5.7   5.6   5.9   7.8 -10.5  -2.1   0.1   2.3  -0.1   34  5.4   25
indigo                30  1  2  P21/n    9.59  -5.4  10.2  10.5 -14.9   7.8   1.1  -0.3  -4.0  -0.2    4  6.8   31
indigoCl2             30  1  2  P21/c   11.01  -7.3   2.3   4.6  -3.0  -1.2  -4.3   0.1  -1.7  -0.0    2  6.8   58
naphthalene           18  1  2  P21/c    9.41  -5.0  22.5  21.4  21.6 -18.2  10.1  -0.2  13.5  -0.3    1 15.2   11
NDFPh                 44  1  2  P21/c    9.86  -5.4   7.6   8.7  -6.2   5.4  -5.2   1.1  -6.7   2.4   15  4.6   81
NDI                   26  2  2  P-1     10.07  -7.0   7.4   7.6  -0.8  -7.1   1.1  -6.2  -1.8   4.7    5  5.4   28
NDT                   24  2  2  P21/c   10.92  -8.0   2.7   4.9  -4.2   1.7  -5.5   0.1   0.1   0.0    8  8.3   22
oligothiophene4       30  1  2  P21/a   11.73  -8.2  13.2  12.1 -11.5  -4.4   7.2   0.1  -9.0   0.1    5 12.5   52
oligothiophene6       44  1  2  P21/a   11.70  -8.1  17.7  15.0 -14.2  -2.1  10.8   0.1   4.6  -0.1   10 12.8   80
OPV3CN                42  1  2  Pbca    10.12  -8.8   9.2   4.8  -1.3  -9.4   2.0  -1.8  -0.0   0.2  227  5.7  278
PBBTZ                 30  1  1  P21/n   10.57  -9.1   3.4   2.6  -5.4  -0.6  -3.4  -0.1   0.1   0.0   67  1.4   34
PDI                   40  1  2  P21/n    9.64  -7.6   3.6   5.7  -0.9  -6.0  -0.9  -0.2  -1.3  -0.3   20  3.9   43
pentacene             36  2  2  P-1      9.17  -2.4   7.7   7.4 -11.1  10.2   0.8  -2.2   3.0  -0.2   16  7.3   21
pentaceneN2Cl4        34  1  2  P21/n   11.88  -8.0   1.3   3.9  -3.4  -1.6  -3.4  -0.1  -1.3   0.1    5  1.4   27
pentaceneN4O2         32  1  2  P21/n    9.92  -7.9  17.9  20.6  18.3  -5.9 -15.5  -0.1  10.2  -0.1    4 21.4   29
perylene              32  1  2  P21/c    9.16  -5.5  12.0  10.9   5.6 -14.6   7.4  -0.0   7.3   0.0    1  4.6   17
phenazine             22  1  2  P21/n    9.75  -8.0   2.6   2.9  -4.2  -4.0  -0.4  -0.0  -1.0   0.2    4  3.5   16
PTCDA                 38  1  2  P21/c   10.10  -7.6   8.3   9.3  -7.1  -6.5   6.8   0.1   1.8  -0.2   14  8.4   50
pyrene                26  1  1  P21/a    9.60  -6.7   3.2   3.8   0.1  -6.1  -1.0   0.3  -1.9   0.1  152  1.9   19
quinacridone          36  1  2  P21/c    9.47  -6.4   4.3   5.6  -4.8  -0.9  -1.5   0.0  -3.2   0.0    3  4.8   26
spirobidibenzosilole  41  1  2  P41212  10.43  -5.6   0.7   2.0  -2.3  -2.1  -1.3   0.1   0.0  -0.1   13  3.9   69
spirobifluorene       41  1  1  P21/c   10.11  -6.3   0.8   2.7  -2.1  -1.4  -2.9   0.4  -0.3   0.1  138  0.6   32
stilbene              26  2  2  P21/a    9.37  -5.8   1.9   3.2  -3.8  -1.6  -1.4  -0.1  -1.3  -0.0    7  1.4   24
TCNQ                  20  1  2  C2/c    12.42 -12.4   7.8   5.7  -4.6 -10.5   3.0   0.0   1.2  -0.3  221  7.7   30
TCNQ-F2               20  1  4  C2/m    12.84 -11.5   3.8   4.8  -4.4  -7.3   0.5  -2.4   1.1  -0.2    4  4.1   54
TCNQ-F4               20  1  2  Pbca    13.90 -15.7   1.7   6.6  -3.8  -5.7  -7.1   0.0  -0.0   0.1   10  1.4   45
tetracene             30  2  2  P-1      9.30  -5.0  17.3  16.0 -19.9  14.7   9.4  -6.8  -2.2   4.3    5 20.4   15
thiazolothiazolePh    30  1  2  P21/c   10.70  -9.8   9.3   5.8  -1.0 -11.7   1.8   0.0  -5.2  -0.0   20  6.3   36
TPP                   34  1  1  P21/c   10.07  -7.2   2.2   3.3  -0.9  -1.4  -5.0   0.1  -2.0   0.1   68  1.8   89
triazine               9  1  2  C2/c    10.20 -13.7   4.1   7.4  -6.3  -4.3  -8.1   2.2  -4.1  -1.9   31  5.3   21
triphenylbenzene      42  1  1  Pna21    9.55  -5.8   2.2   2.1  -5.4  -0.7   0.3   0.0   0.1   0.5   52  0.7   38
triphenylene          30  1  1  P212121  9.25  -5.5   5.7   4.7  -9.3   5.1  -1.0   0.1  -0.1  -0.0  182  3.6   37
triphenyltriazine     39  1  1  P21/c    9.43  -5.7   4.0   1.8   1.0  -6.4  -0.1  -0.3   1.3   0.2  237  1.2   58
triptycene            34  1  1  P212121  9.77  -3.9   0.7   1.9  -0.2  -2.2  -1.6  -0.0   0.0   0.1  125  2.5   31
TTAa                  36  1  2  P21/n   11.27  -8.2   4.9   4.1  -2.5  -7.0   1.2  -0.0  -3.0   0.0    2  2.0   30
TTAb                  36  1  2  P21/n   11.25  -9.5   6.4   5.7  -4.8  -8.8   4.1   0.0  -0.6   0.0    2  2.7   30
TTF                   14  1  2  P21/c   13.51 -10.5   5.2   8.8  -3.0  -0.8  -7.7   0.1  -2.5   0.0    4  3.6   22
TTPa                  34  1  2  P21/n   11.67  -8.1   4.9   4.1  -2.6  -7.1   1.6   0.0  -2.7  -0.0   12  1.9   22
TTPb                  34  2  2  P21/a   11.83  -8.6   1.7   6.0  -3.4  -1.3  -4.2  -0.1   0.0  -0.1    5  3.2   26
TTPc                  34  1  1  P21     11.92  -9.3   5.2   4.1  -2.8  -9.0   2.3  -0.0  -1.1  -0.0   88  3.4   41
TTTT                  18  1  2  P21/n   12.70  -9.4   4.1   3.3  -2.2  -8.2   1.2   0.1   0.8   0.0    7 11.4   22
