  system             na1 no ns   SG       V1    dV1   dSh   dTv   da    db    dc   dalp  dbet  dgam   dr  phi  dev
    str                #  #  #   str      Ao3    %     %     %     %     %     %    deg   deg   deg  mAo  deg  mAo
median                                         -9.0   3.9   4.2  -3.3  -3.6  -2.0  -0.0  -0.5  -0.0    7  3.2   30
mean                                           -9.3   4.9   5.3  -3.2  -3.9  -2.1  -0.2  -0.7  -0.6   38  4.3   39
standard dev                                    1.7   4.4   3.5   6.0   5.0   4.2   1.2   2.3   3.5   78  4.4   49
lower decile                                  -11.5   1.5   2.9  -7.3  -9.5  -6.9  -1.0  -4.0  -0.4    2  1.1    9
upper decile                                   -7.4  10.6   9.1   0.8   1.6   2.0   0.2   1.9   0.2  112  8.3   58
min                                           -13.9   0.0   2.0 -25.6 -20.0 -14.1  -6.7  -9.0 -25.9    1  0.2    2
max                                            -5.6  20.6  18.7  19.2   8.5   9.5   2.4   4.7   3.3  474 25.0  347
------------------------------------------------------------------------------------------------------------------
anthracene            24  1  2  P21/c    9.38  -8.2   2.4   3.3  -2.2  -6.1  -0.6   0.3  -1.4   0.3    4  4.7    7
anthraquinone         24  1  2  P21/c    9.67  -9.9   4.1   3.2  -4.7  -5.1  -0.2   0.8   0.2  -1.0    7  9.2   26
benzene               12  1  2  Pbca     9.54 -11.0   0.9   4.2  -3.8  -4.8  -2.8  -0.1  -0.0  -0.1    4  0.9    2
benzeneF6             12  2  1  P21/n   13.26 -13.2   4.7   8.8  -3.9  -1.2  -8.6  -0.1   0.0  -0.1    6  7.8   19
benzeneO2             12  1  2  P21/c   10.70 -13.4   3.7   6.2  -5.3  -2.2  -7.3  -1.0  -4.0   0.7   13  3.7    7
benzodithiopheneO2    18  1  2  P21/n   11.82 -11.1   3.1   7.0  -3.6  -1.6  -6.5  -0.0  -0.9  -0.0    2  5.3   31
benzotrithiophene     21  1  1  P21/n   12.45  -8.9   2.8   3.3  -4.4  -0.1  -2.5   0.1   2.7  -0.1   31  3.0   25
benzotrithiopheneA    21  2  1  P21     12.11  -9.4   3.5   4.9  -6.4  -2.6  -1.4  -0.0  -2.4   0.0   39  3.1   26
bithiophene           16  1  2  P21/c   11.72 -10.7  19.3  18.7  19.2  -7.2 -14.1  -4.6   4.7 -11.5    6 16.4   23
BTBT                  24  1  2  P21/c   10.91  -8.6   5.7   6.5  -1.2   3.0 -10.9   0.1  -1.8  -0.1    2  7.7   27
C60                   60  1  6  Pa-3    11.70  -6.8   0.0   2.3  -2.3  -2.3  -2.3  -0.0  -0.0  -0.0    1  0.2   13
carbazole             22  1  2  Pnma     9.21  -8.3   1.5   2.9  -2.0  -1.8  -4.7  -0.0  -0.0  -0.4    9  1.0   12
carbazoleNO2b         24  1  1  P21/n    9.96 -12.1  13.9  11.4   6.3 -20.0   2.1   0.0  -9.0   0.0  251  9.4   57
chrysene              30  1  2  C12/n1   9.38  -8.5   7.5   7.0  -1.1 -13.9   6.7   0.0  -5.1  -0.0   32  5.3    9
coronene              36  1  2  P21/n    9.57  -8.5   3.3   2.4  -0.8  -7.5  -0.5   0.0  -0.4   0.0    3  1.1    7
DATT                  48  1  1  P21      9.98  -7.9   4.3   3.2  -1.4  -6.9   0.3   0.8  -1.1  -0.1   56  3.8   39
DBTTF                 26  1  2  P21/c   11.69  -9.7   4.2   3.7   0.5  -9.3  -2.1  -0.2  -1.6  -0.0    6  4.4   55
dibenzoindigo         42  1  2  P21/n    9.59  -8.9   5.3   2.2  -6.8  -0.2  -2.1  -0.1   0.3   0.0   23  1.6   35
DNBDT                 42  1  2  P21/n    9.94  -9.0   4.0   2.2  -0.1  -8.6  -0.5   0.2  -0.7   0.2    5  2.3   24
DNTT                  36  1  1  P21     10.39  -7.4   6.7   5.9  -6.5  -1.2   1.1  -6.7   1.0  -0.8  474  3.2   62
hexacene              42  2  2  P-1      9.05  -7.4   2.7   2.9  -3.9  -3.6  -0.6  -2.1  -0.7  -0.1    5  1.9   19
HMTTF                 28  1  1  P21/c   10.18  -8.8   2.6   3.8  -4.8  -4.3  -0.1   0.3  -1.4  -0.3  105  1.2   55
ICZb                  32  1  2  P21/c    9.16  -7.3   2.4   3.7  -1.7  -0.3  -5.6  -0.0  -1.5  -0.1    8  4.3    9
ICZbCl2c              32  1  2  P21/c   10.34  -6.2   3.6   3.6   0.4  -0.3  -6.6  -0.1  -1.1  -0.0    7  4.2   23
IF12b                 34  1  2  P21/n    9.17  -7.8   1.7   3.0  -1.8  -4.0  -2.0   0.0   1.7  -0.0    1  0.8   10
IF21a                 34  1  1  P21/c    9.58  -8.3   5.6   6.3   6.4 -11.3  -2.7   0.0   2.9  -0.0   70  5.8   15
indigo                30  1  2  P21/n    9.59  -7.3   5.2   6.3  -8.7   1.2  -1.5   0.1  -3.3   0.1    3  3.0   31
indigoCl2             30  1  2  P21/c   11.01  -7.6  14.5  12.2  12.5 -16.1  -0.8  -0.4   1.9   0.0    3  9.9   62
naphthalene           18  1  2  P21/c    9.41  -9.5   1.5   4.2  -3.3  -3.1  -4.5  -0.1  -1.5  -0.1    7  2.5    4
NDFPh                 44  1  2  P21/c    9.86  -8.3   1.6   4.1  -3.1  -4.3  -1.5  -0.0  -1.8   0.6   13  1.7   38
NDI                   26  2  2  P-1     10.07  -9.5   4.6   5.4  -0.7  -4.1  -3.5  -2.6  -3.9   3.3    3  3.7   28
NDT                   24  2  2  P21/c   10.92  -9.0   2.4   5.3  -5.2  -0.6  -3.4   0.0   0.7  -0.0    4  4.5   25
oligothiophene4       30  1  2  P21/a   11.73 -11.2  18.0  16.6 -23.9   6.5   9.5  -0.5  -0.4  -0.4    3 21.8   52
oligothiophene6       44  1  2  P21/a   11.70 -11.3  20.6  17.8 -25.6   8.5   9.3  -0.7  -5.0   0.2    2 25.0   84
OPV3CN                42  1  2  Pbca    10.12 -12.5  16.3  11.5  -1.1  -4.0   2.4  -1.9  -0.5 -25.9   38  3.2  347
PBBTZ                 30  1  1  P21/n   10.57  -8.6   1.5   4.8  -4.0  -3.7  -1.3   0.1  -0.8  -0.0  102  3.7   57
PDI                   40  1  2  P21/n    9.64  -8.8   3.9   3.7  -7.8  -2.1   1.1  -0.0  -4.1  -0.1    7  1.5   28
pentacene             36  2  2  P-1      9.17  -8.1   2.6   3.6  -3.0  -4.8  -1.3   2.4  -0.6  -0.1    6  2.3   12
pentaceneN2Cl4        34  1  2  P21/n   11.88  -5.6   4.1   3.3  -7.2   2.6  -1.2   0.1  -3.9  -0.0    2  3.7   47
pentaceneN4O2         32  1  2  P21/n    9.92 -10.0   3.7   6.3  -5.6   0.7  -4.7  -0.0   4.7  -0.2    5  4.5   43
perylene              32  1  2  P21/c    9.16  -8.3   1.9   3.2  -0.7  -4.0  -3.6   0.0   0.9  -0.0    3  2.2    4
phenazine             22  1  2  P21/n    9.75 -10.1   2.7   3.1  -3.4  -5.7  -1.0   0.1   0.8  -0.5    5  1.4   17
PTCDA                 38  1  2  P21/c   10.10  -9.1   2.7   4.8  -2.4  -2.1  -5.3  -0.7  -4.1   1.1   15  3.9   34
pyrene                26  1  1  P21/a    9.60  -9.4   3.9   4.6   0.5  -7.5  -2.7  -0.1  -1.4   0.0  141  2.3   12
quinacridone          36  1  2  P21/c    9.47  -8.2   4.2   5.6  -4.5  -3.3  -1.4   0.1  -3.4  -0.0    2  3.8   30
spirobifluorene       41  1  1  P21/c   10.11  -8.5   2.4   4.5  -3.8  -0.2  -5.0   0.2  -1.3   0.1  255  2.1   52
stilbene              26  2  2  P21/a    9.37  -9.5   2.0   4.4  -5.1  -3.2  -2.2  -0.0  -1.1  -0.0    5  1.2   15
TCNQ                  20  1  2  C2/c    12.42 -13.5  10.1   7.4  -6.9 -11.0   4.9   0.0   2.0   0.2   11  8.2   30
TCNQ-F2               20  1  4  C2/m    12.84 -11.4   4.1   5.2  -5.1  -6.8   0.7  -1.1   0.7  -2.8   13  3.3   35
TCNQ-F4               20  1  2  Pbca    13.90 -13.9   2.7   6.5  -6.6  -1.0  -6.9   0.0  -0.1   0.0   13  2.1   43
tetracene             30  2  2  P-1      9.30  -8.4   2.5   3.3  -3.5  -4.7  -0.8   1.6  -0.2   0.1    2  2.4   10
thiazolothiazolePh    30  1  2  P21/c   10.70 -10.9   6.6   3.0  -4.4  -7.0   0.3  -0.0   0.4   0.0    5  2.4   51
TPP                   34  1  1  P21/c   10.07 -10.4   7.1   7.4   0.8   1.5 -12.4  -0.1  -2.7  -0.0  110  4.4  187
triazine               9  1  2  C2/c    10.20  -9.9   4.4   5.7  -3.0  -0.6  -9.2   0.2  -2.3  -0.0   13  5.1   12
triphenylbenzene      42  1  1  Pna21    9.55 -11.2   4.5   3.9 -10.5  -1.0   0.3   0.0   0.2  -0.4   27  2.6  142
triphenylene          30  1  1  P212121  9.25  -8.6   5.4   4.5  -9.8   3.8  -2.4   0.1   0.0   0.0  171  3.5   36
triphenyltriazine     39  1  1  P21/c    9.43  -9.2   5.3   2.0  -0.1  -8.5  -0.6  -0.1   0.6   0.1  126  1.5   48
triptycene            34  1  1  P212121  9.77  -7.4   0.6   2.9  -2.0  -3.3  -2.2  -0.1  -0.1   0.0   62  0.9   25
TTAa                  36  1  2  P21/n   11.27  -8.4   4.5   6.8  -6.7   3.5  -5.0  -0.0   2.3   0.0    7  4.5   36
TTAb                  36  1  2  P21/n   11.25  -9.2   4.7   4.0  -3.0  -7.9   2.0   0.0   1.2   0.0    3  1.3   25
TTF                   14  1  2  P21/c   13.51  -9.9   3.8   2.8  -1.2  -8.4  -0.6  -0.1  -0.2   0.3    1  2.1   43
TTPa                  34  1  2  P21/n   11.67  -7.6   2.1   4.5  -4.5   0.0  -3.3   0.0  -1.2   0.0   14  3.1   50
TTPb                  34  2  2  P21/a   11.83 -10.6   4.9   3.4   1.0  -9.2  -2.0  -0.0   1.0  -0.0    3  5.2   33
TTPc                  34  1  1  P21     11.92  -9.0   1.9   2.9  -1.1  -5.6  -2.6  -0.1  -0.7  -0.1   98  1.0   43
TTTT                  18  1  2  P21/n   12.70 -10.3   5.7   3.5   0.8 -11.1   0.5  -0.1   0.9  -0.0    1  6.6   31
