  system             na1 no ns   SG       V1    dV1   dSh   dTv   da    db    dc   dalp  dbet  dgam   dr  phi  dev
    str                #  #  #   str      Ao3    %     %     %     %     %     %    deg   deg   deg  mAo  deg  mAo
median                                          0.5   0.4   0.5   0.0   0.3   0.1   0.0  -0.0   0.0    0  0.4    3
mean                                            0.5   0.5   0.6   0.0   0.3   0.1  -0.0  -0.1  -0.0    3  0.5    4
standard dev                                    0.2   0.4   0.4   0.5   0.6   0.5   0.1   0.4   0.0    7  0.5    5
lower decile                                    0.3   0.2   0.2  -0.6  -0.3  -0.4   0.0  -0.4   0.0    0  0.1    1
upper decile                                    0.7   1.1   1.2   0.6   1.1   0.7   0.0   0.3   0.0   11  1.1    9
min                                             0.1   0.0   0.2  -1.3  -0.7  -2.1  -0.9  -1.6  -0.3    0  0.0    1
max                                             1.0   1.9   2.0   1.4   2.5   1.5   0.1   0.9   0.2   31  2.2   25
------------------------------------------------------------------------------------------------------------------
anthracene            24  1  2  P21/c    9.38   0.4   0.6   0.5  -0.3   0.9  -0.3   0.0  -0.3   0.0    0  0.5    1
anthraquinone         24  1  2  P21/c    9.67   0.7   0.5   0.6   0.8  -0.4   0.2   0.0  -0.3   0.0    0  0.4    2
benzene               12  1  2  Pbca     9.54   0.3   0.2   0.2  -0.1   0.2   0.2   0.0   0.0   0.0    0  0.5    1
benzeneF6             12  2  1  P21/n   13.26   1.0   0.3   0.4   0.9  -0.2   0.3   0.0  -0.0   0.0    0  0.6    1
benzeneO2             12  1  2  P21/c   10.70   0.7   0.8   0.9  -0.1   1.0   0.1   0.0   0.9   0.0    0  1.7    1
benzodithiopheneO2    18  1  2  P21/n   11.82   0.5   0.5   0.6  -0.6   0.6   0.4   0.0  -0.2   0.0    0  0.4    2
benzotrithiophene     21  1  1  P21/n   12.45   0.4   0.6   0.6  -0.3  -0.3   0.9   0.0  -0.1   0.0    8  0.8    4
benzotrithiopheneA    21  2  1  P21     12.11   0.4   0.6   0.5   0.2   0.4  -0.4   0.0  -0.4   0.0   31  0.4    4
bithiophene           16  1  2  P21/c   11.72   0.3   1.7   1.7   1.1   0.9  -2.0   0.0  -0.5   0.0    0  2.2    1
BODIPY                21  1  1  C2/c     9.97   0.9   0.9   1.0  -0.4  -0.0   1.2   0.0  -0.4   0.0   23  1.0   17
BTBT                  24  1  2  P21/c   10.91   0.5   0.2   0.3   0.3  -0.1   0.4   0.0   0.2   0.0    0  0.4    1
C60                   60  1  6  Pa-3    11.70   0.5   0.0   0.2   0.2   0.2   0.2   0.0   0.0   0.0    0  0.2    1
carbazole             22  1  2  Pnma     9.21   0.3   0.5   0.5  -0.5   0.4   0.4   0.0   0.0   0.0    6  0.5    1
carbazoleNO2b         24  1  1  P21/n    9.96   0.3   0.9   0.8  -0.2   1.1  -0.3   0.0   0.7   0.0    3  0.7    6
chrysene              30  1  2  C12/n1   9.38   0.6   0.7   0.7  -0.0   1.3  -0.5   0.0   0.6   0.0    0  0.4    4
coronene              36  1  2  P21/n    9.57   0.6   0.3   0.6   0.4  -0.2   0.5   0.0   0.1   0.0    0  0.2    1
DATT                  48  1  1  P21      9.98   0.7   0.2   0.5  -0.2   0.5   0.4   0.0   0.0   0.0   10  0.2    6
DBTTF                 26  1  2  P21/c   11.69   0.1   0.3   0.4   0.3  -0.5   0.2   0.0  -0.1   0.0    0  0.5    1
dibenzoindigo         42  1  2  P21/n    9.59   0.5   1.8   2.0  -0.1   1.2  -0.6   0.0  -0.3   0.0    0  0.7    9
DNBDT                 42  1  2  P21/n    9.94   0.5   0.2   0.4   0.4  -0.1   0.2   0.0  -0.0   0.0    0  0.2    3
DNTT                  36  1  1  P21     10.39   0.5   0.3   0.3  -0.0   0.5  -0.0   0.0   0.1   0.0    6  0.1    6
hexacene              42  2  2  P-1      9.05   0.5   1.1   1.2   0.3  -0.7   0.6  -0.9  -0.8  -0.1    0  1.1    3
HMTTF                 28  1  1  P21/c   10.18   0.2   0.2   0.2  -0.0  -0.0   0.3   0.0  -0.1   0.0   11  0.2    7
ICZb                  32  1  2  P21/c    9.16   0.8   0.3   0.4   0.2   0.3   0.2   0.0  -0.4   0.0    0  0.3    3
ICZbCl2c              32  1  2  P21/c   10.34   0.7   0.3   0.5   0.4   0.3   0.1   0.0   0.3   0.0    0  0.4    3
IF12b                 34  1  2  P21/n    9.17   0.3   0.2   0.2  -0.0   0.4  -0.0   0.0   0.2   0.0    0  0.1    3
IF21a                 34  1  1  P21/c    9.58   0.5   0.7   0.7  -0.8   1.1   0.3   0.0   0.5   0.0    7  0.7    3
indigo                30  1  2  P21/n    9.59   0.5   0.5   0.4   0.3   0.6  -0.4   0.0  -0.1   0.0    0  0.3    2
indigoCl2             30  1  2  P21/c   11.01   0.4   0.6   0.5  -0.3   1.0  -0.2   0.0   0.2   0.0    0  0.3    3
naphthalene           18  1  2  P21/c    9.41   0.4   0.2   0.2  -0.1   0.3   0.2   0.0  -0.0   0.0    0  0.3    1
NDFPh                 44  1  2  P21/c    9.86   0.5   0.3   0.4   0.3  -0.2   0.3   0.0  -0.2   0.0    0  0.2    7
NDI                   26  2  2  P-1     10.07   0.3   0.9   0.9   1.4  -0.3  -0.6  -0.1  -0.0  -0.3    0  0.8    7
NDT                   24  2  2  P21/c   10.92   0.4   0.6   0.6  -0.5   0.7   0.1   0.0  -0.1   0.0    0  0.4    1
oligothiophene4       30  1  2  P21/a   11.73   0.5   1.7   1.7  -1.1   0.2   1.0   0.0  -1.6   0.0    0  1.6    9
oligothiophene6       44  1  2  P21/a   11.70   0.2   1.1   1.2  -1.3   0.7   0.8   0.0  -0.1   0.0    0  1.3   13
OPV3CN                42  1  2  Pbca    10.12   0.3   0.2   0.3  -0.3   0.4   0.1   0.0   0.0   0.0    0  0.6   25
PBBTZ                 30  1  1  P21/n   10.57   0.4   0.2   0.4  -0.0   0.3   0.1   0.0   0.0   0.0    2  0.1    2
PDI                   40  1  2  P21/n    9.64   0.7   0.3   0.2   0.5   0.0   0.1   0.0   0.3   0.0    0  0.2    2
pentacene             36  2  2  P-1      9.17   0.8   0.8   0.9  -0.5   1.2   0.3  -0.5  -0.4   0.2    0  0.7    3
pentaceneN2Cl4        34  1  2  P21/n   11.88   0.6   0.8   0.8   0.1   0.9  -0.4   0.0  -0.3   0.0    0  0.1    4
pentaceneN4O2         32  1  2  P21/n    9.92   0.4   0.3   0.3  -0.0   0.4   0.0   0.0  -0.3   0.0    0  0.4    2
perylene              32  1  2  P21/c    9.16   0.4   1.9   1.9  -0.1   2.5  -2.1   0.0  -0.5   0.0    0  1.2    3
phenazine             22  1  2  P21/n    9.75   0.8   0.4   0.4   0.7   0.3  -0.1   0.0   0.3   0.0    0  1.6    2
PTCDA                 38  1  2  P21/c   10.10   0.3   0.3   0.4   0.0   0.3  -0.1   0.0  -0.2   0.0    0  0.7    3
pyrene                26  1  1  P21/a    9.60   0.4   1.1   1.0  -1.1   1.0   0.4   0.0  -0.4   0.0   10  1.0    2
quinacridone          36  1  2  P21/c    9.47   0.4   1.1   1.2   1.1  -0.5   0.0   0.0   0.7   0.0    0  0.6    3
spirobidibenzosilole  41  1  2  P41212  10.43   0.5   0.2   0.3   0.1   0.1   0.3   0.0   0.0   0.0    3  0.3   12
spirobifluorene       41  1  1  P21/c   10.11   0.5   0.2   0.2   0.0   0.5  -0.0   0.0   0.0   0.0   17  0.2    7
stilbene              26  2  2  P21/a    9.37   0.4   0.4   0.5   0.7  -0.3   0.1   0.0   0.1   0.0    0  0.5    3
TCNQ                  20  1  2  C2/c    12.42   0.7   1.0   0.9   0.1   1.4  -0.6   0.0   0.5   0.0    0  1.0    2
TCNQ-F2               20  1  4  C2/m    12.84   0.6   0.2   0.3   0.0   0.1   0.5   0.0   0.1   0.0    0  0.1    2
TCNQ-F4               20  1  2  Pbca    13.90   0.6   1.2   1.3  -0.8  -0.1   1.5   0.0   0.0   0.0    0  0.8    5
tetracene             30  2  2  P-1      9.30   0.8   0.2   0.3   0.1   0.5   0.2   0.1   0.0  -0.0    0  0.1    1
thiazolothiazolePh    30  1  2  P21/c   10.70   0.6   0.8   1.1  -0.8   0.6   0.7   0.0  -0.4   0.0    0  1.1    5
TPP                   34  1  1  P21/c   10.07   0.3   0.4   0.4   0.0  -0.3   0.6   0.0  -0.1   0.0   16  0.4   18
triazine               9  1  2  C2/c    10.20   0.2   0.2   0.2   0.1   0.1  -0.2   0.0  -0.2   0.0    0  0.0    1
triphenylbenzene      42  1  1  Pna21    9.55   0.5   0.0   0.2   0.2   0.2   0.1   0.0   0.0   0.0    4  0.1    8
triphenylene          30  1  1  P212121  9.25   0.5   0.4   0.5   0.0  -0.1   0.5   0.0   0.0   0.0   11  0.4    3
triphenyltriazine     39  1  1  P21/c    9.43   0.6   0.1   0.3   0.2   0.2   0.1   0.0  -0.0   0.0    8  0.0    5
triptycene            34  1  1  P212121  9.77   0.5   0.1   0.2   0.1   0.3   0.1   0.0   0.0   0.0    5  0.1    3
TTAa                  36  1  2  P21/n   11.27   0.3   0.2   0.2  -0.1   0.3   0.1   0.0   0.1   0.0    0  0.2    2
TTAb                  36  1  2  P21/n   11.25   0.4   0.5   0.5   0.0   0.7  -0.3   0.0  -0.3   0.0    0  0.2    2
TTF                   14  1  2  P21/c   13.51   0.2   0.9   0.9  -0.0  -0.5   0.4   0.0  -0.9   0.0    0  1.1    3
TTPa                  34  1  2  P21/n   11.67   0.3   0.2   0.2  -0.0   0.3   0.0   0.0   0.2   0.0    0  0.1    2
TTPb                  34  2  2  P21/a   11.83   0.4   0.2   0.4   0.3  -0.1   0.2   0.0   0.1   0.0    0  0.4    3
TTPc                  34  1  1  P21     11.92   0.5   0.5   0.7   0.2  -0.5   0.8   0.0  -0.1   0.0   29  0.4   13
TTTT                  18  1  2  P21/n   12.70   0.3   0.3   0.3   0.1   0.5  -0.2   0.0   0.2   0.0    0  0.1    2
