  system             na1 no ns   SG       V1    dV1   dSh   dTv   da    db    dc   dalp  dbet  dgam   dr  phi  dev
    str                #  #  #   str      Ao3    %     %     %     %     %     %    deg   deg   deg  mAo  deg  mAo
median                                          1.8   0.7   1.0   0.5   0.7   0.5   0.0   0.0   0.0    0  0.6   18
mean                                            1.6   0.8   1.2   0.5   0.7   0.4  -0.0   0.0   0.0    4  0.8   20
standard dev                                    2.0   0.6   0.8   0.9   1.0   1.0   0.1   0.5   0.1    7  0.6   11
lower decile                                   -1.2   0.2   0.5  -0.5  -0.5  -0.9   0.0  -0.5   0.0    0  0.2    9
upper decile                                    4.0   1.5   2.2   1.4   1.9   1.6   0.0   0.7   0.0   13  1.7   37
min                                            -5.8   0.0   0.2  -2.2  -3.0  -3.3  -0.3  -1.9  -0.5    0  0.1    3
max                                             6.4   3.1   4.6   4.7   3.5   2.9   0.4   1.3   0.3   37  2.6   52
------------------------------------------------------------------------------------------------------------------
anthracene            24  1  2  P21/c    9.38   1.4   0.3   0.5   0.3   1.0   0.2   0.0   0.1   0.0    0  0.4    8
anthraquinone         24  1  2  P21/c    9.67   1.8   0.9   0.5   0.6   1.4  -0.2   0.0   0.0   0.0    0  0.7   12
benzene               12  1  2  Pbca     9.54   3.7   0.1   1.3   1.2   1.4   1.1   0.0   0.0   0.0    0  0.5    3
benzeneF6             12  2  1  P21/n   13.26  -5.8   0.7   2.5  -1.1  -3.0  -1.8   0.0  -0.1   0.0    0  1.0   21
benzeneO2             12  1  2  P21/c   10.70   2.4   1.3   1.7  -0.6   2.2   1.1   0.0   1.0   0.0    0  2.2   14
benzodithiopheneO2    18  1  2  P21/n   11.82   3.4   0.5   1.2   1.9   0.6   0.9   0.0  -0.3   0.0    0  0.8   40
benzotrithiophene     21  1  1  P21/n   12.45   4.0   1.4   1.9   0.5   0.2   2.9   0.0  -0.4   0.0   12  1.7   48
benzotrithiopheneA    21  2  1  P21     12.11   1.1   0.2   0.5   0.6   0.2   0.4   0.0   0.1   0.0   37  0.4   13
bithiophene           16  1  2  P21/c   11.72   1.1   1.5   1.5   1.7   0.9  -1.3   0.0   0.5   0.0    0  1.8   32
BODIPY                21  1  1  C2/c     9.97   3.0   0.8   1.5  -0.1   1.3   1.6   0.0  -0.4   0.0    8  1.0   25
BTBT                  24  1  2  P21/c   10.91   0.7   0.6   0.7   0.1  -0.4   1.1   0.0   0.2   0.0    0  1.1    8
C60                   60  1  6  Pa-3    11.70  -1.4   0.0   0.5  -0.5  -0.5  -0.5   0.0   0.0   0.0    0  0.2   18
carbazole             22  1  2  Pnma     9.21   1.6   0.1   0.6   0.6   0.4   0.6   0.0   0.0   0.0    8  0.2   10
carbazoleNO2b         24  1  1  P21/n    9.96  -1.5   1.3   1.6  -0.8   0.9  -1.2   0.0   1.0   0.0   30  1.2   19
chrysene              30  1  2  C12/n1   9.38   1.1   0.8   0.6  -0.1   1.3   0.1   0.0   0.5   0.0    0  0.3   11
coronene              36  1  2  P21/n    9.57   0.9   0.6   0.9   0.5  -0.4   0.8   0.0  -0.0   0.0    0  0.1   10
DATT                  48  1  1  P21      9.98   2.8   0.9   0.9   1.0   1.5   0.2   0.0  -0.5   0.0   15  0.7   24
DBTTF                 26  1  2  P21/c   11.69   1.7   0.4   0.9   0.7   0.6   0.6   0.0   0.3   0.0    0  0.1   13
dibenzoindigo         42  1  2  P21/n    9.59  -2.0   3.1   2.1  -2.2   1.1  -0.9   0.0   0.7   0.0    0  1.7   52
DNBDT                 42  1  2  P21/n    9.94   3.1   0.6   1.3   0.5   1.7   1.0   0.0   0.3   0.0    0  0.7   11
DNTT                  36  1  1  P21     10.39   2.6   0.7   0.9   0.8   1.5   0.3   0.0   0.4   0.0    9  0.7   30
hexacene              42  2  2  P-1      9.05   2.5   1.2   1.8  -0.8   2.1   1.2   0.4  -1.0  -0.5    0  1.7   25
HMTTF                 28  1  1  P21/c   10.18   4.7   1.8   2.8   1.1   3.5   0.1   0.0   0.3   0.0   12  0.2   18
ICZb                  32  1  2  P21/c    9.16   1.0   0.2   0.4   0.3   0.5   0.3   0.0   0.3   0.0    0  0.4   11
ICZbCl2c              32  1  2  P21/c   10.34  -2.8   1.6   1.7  -0.1   0.6  -3.3   0.0  -0.2   0.0    0  1.7   24
IF12b                 34  1  2  P21/n    9.17   3.4   1.0   1.8   0.5   1.3   1.5   0.0  -1.0   0.0    0  0.8   16
IF21a                 34  1  1  P21/c    9.58   1.8   0.6   0.6   0.7   0.9   0.2   0.0   0.3   0.0   10  0.6   10
indigo                30  1  2  P21/n    9.59   0.9   0.4   0.6   0.6  -0.2   0.6   0.0   0.0   0.0    0  0.2   22
indigoCl2             30  1  2  P21/c   11.01  -0.9   1.3   1.5  -1.6   1.0  -0.5   0.0  -0.3   0.0    0  1.7   20
naphthalene           18  1  2  P21/c    9.41   1.1   0.2   0.4   0.2   0.6   0.4   0.0   0.1   0.0    0  0.4    7
NDFPh                 44  1  2  P21/c    9.86   4.0   0.9   1.4   0.7   2.2   1.2   0.0   0.5   0.0    0  1.0   23
NDI                   26  2  2  P-1     10.07  -0.7   1.2   1.3   1.4  -0.6  -1.4  -0.2  -0.3   0.2    0  1.3   13
NDT                   24  2  2  P21/c   10.92   5.6   2.9   4.6   4.7  -0.0   0.8   0.0  -0.6   0.0    0  2.6   39
oligothiophene4       30  1  2  P21/a   11.73   3.8   1.9   2.3  -0.2   1.8   1.7   0.0  -1.9   0.0    0  1.8   31
oligothiophene6       44  1  2  P21/a   11.70   3.3   1.2   2.2   0.6   1.4   1.5   0.0   1.3   0.0    0  0.9   32
OPV3CN                42  1  2  Pbca    10.12   2.2   1.0   0.6   0.7   1.4   0.1   0.0   0.0   0.0    0  0.4   50
PBBTZ                 30  1  1  P21/n   10.57   0.7   0.6   0.5  -0.1  -0.1   0.8   0.0  -0.3   0.0   13  0.5   21
PDI                   40  1  2  P21/n    9.64   0.2   0.8   0.8   0.8  -0.8   0.2   0.0   0.2   0.0    0  1.0   27
pentacene             36  2  2  P-1      9.17   2.6   0.7   1.4   0.4   1.2   1.1  -0.3  -0.8   0.3    0  0.9    9
pentaceneN2Cl4        34  1  2  P21/n   11.88   0.1   0.8   0.8  -0.1   0.7  -0.5   0.0  -0.1   0.0    0  0.5   11
pentaceneN4O2         32  1  2  P21/n    9.92   2.4   1.0   0.7   2.2   0.1   0.2   0.0   0.7   0.0    0  1.5   17
perylene              32  1  2  P21/c    9.16   2.5   1.8   1.6   0.2   3.0  -0.9   0.0  -0.9   0.0    0  0.8   17
phenazine             22  1  2  P21/n    9.75   4.5   0.5   2.0   1.7   0.8   1.8   0.0  -0.2   0.0    0  2.0   18
PTCDA                 38  1  2  P21/c   10.10  -1.3   0.6   1.1   0.1  -0.9  -0.5   0.0  -0.4   0.0    0  0.4   37
pyrene                26  1  1  P21/a    9.60   1.7   0.9   1.0  -0.4   1.5   0.6   0.0  -0.3   0.0   11  0.9   12
quinacridone          36  1  2  P21/c    9.47   2.7   1.3   1.8   1.1   0.9   1.0   0.0   1.1   0.0    0  1.0   45
spirobidibenzosilole  41  1  2  P41212  10.43   1.8   0.2   0.9   0.5   0.5   0.8   0.0   0.0   0.0    5  0.4   18
spirobifluorene       41  1  1  P21/c   10.11   4.4   0.4   1.7   0.8   1.9   1.6   0.0  -0.2   0.0   15  0.4   23
stilbene              26  2  2  P21/a    9.37   2.0   0.4   0.9   1.1   0.7   0.4   0.0   0.2   0.0    0  0.5   10
TCNQ                  20  1  2  C2/c    12.42   0.8   1.0   0.9   0.4   1.1  -0.5   0.0   0.8   0.0    0  1.3   17
TCNQ-F2               20  1  4  C2/m    12.84  -0.5   0.5   0.5  -0.0  -0.5   0.2   0.0   0.5   0.0    0  0.2   17
TCNQ-F4               20  1  2  Pbca    13.90  -1.7   1.2   1.1  -1.2  -1.3   0.8   0.0   0.0   0.0    0  0.8   21
tetracene             30  2  2  P-1      9.30   2.7   0.3   1.1   1.0   1.0   0.9  -0.1  -0.3   0.2    0  0.3   11
thiazolothiazolePh    30  1  2  P21/c   10.70   4.0   0.5   2.4   1.1   1.1   1.5   0.0  -0.4   0.0    0  1.1   21
TPP                   34  1  1  P21/c   10.07   2.0   1.0   1.1   0.5  -0.2   1.7   0.0   0.6   0.0   21  0.1   26
triazine               9  1  2  C2/c    10.20   0.0   0.5   0.5   0.4   0.1  -0.7   0.0  -0.2   0.0    4  0.4    5
triphenylbenzene      42  1  1  Pna21    9.55   2.2   0.6   0.7   1.6   0.3   0.3   0.0   0.0   0.0    3  0.3   25
triphenylene          30  1  1  P212121  9.25   2.5   0.4   1.2   0.7   0.6   1.2   0.0   0.0   0.0   15  0.3   11
triphenyltriazine     39  1  1  P21/c    9.43   1.8   0.2   1.0   0.6   0.6   0.5   0.0  -0.1   0.0   11  0.1   12
triptycene            34  1  1  P212121  9.77   2.2   0.2   0.7   0.7   1.0   0.5   0.0   0.0   0.0    7  0.1    4
TTAa                  36  1  2  P21/n   11.27   0.1   0.2   0.2  -0.0  -0.0   0.1   0.0   0.2   0.0    0  0.3   19
TTAb                  36  1  2  P21/n   11.25   1.9   0.4   0.8   0.2   0.7   0.9   0.0  -0.2   0.0    0  0.2   10
TTF                   14  1  2  P21/c   13.51   6.4   0.7   2.8   1.3   2.9   2.3   0.0   0.5   0.0    0  1.2   14
TTPa                  34  1  2  P21/n   11.67   0.6   0.5   0.5   0.2   0.4   0.1   0.0   0.5   0.0    0  0.4   16
TTPb                  34  2  2  P21/a   11.83   0.6   0.5   0.6   0.6   0.2  -0.1   0.0   0.2   0.0    0  0.6   29
TTPc                  34  1  1  P21     11.92   2.0   0.9   1.4   0.3   0.1   1.6   0.0  -0.2   0.0    8  0.4   18
TTTT                  18  1  2  P21/n   12.70   2.3   0.7   0.7   0.0   1.6   0.7   0.0   0.0   0.0    0  0.6   16
