  system             na1 no ns   SG       V1    dV1   dSh   dTv   da    db    dc   dalp  dbet  dgam   dr  phi  dev
    str                #  #  #   str      Ao3    %     %     %     %     %     %    deg   deg   deg  mAo  deg  mAo
median                                         -7.1   4.5   4.5  -2.0  -3.6  -1.0  -0.0  -0.0  -0.0    7  3.7   29
mean                                           -7.4   5.1   5.3  -1.8  -3.4  -1.7  -0.2  -0.6   0.1   55  4.9   40
standard dev                                    3.0   3.0   3.0   5.1   5.1   4.3   1.0   3.9   0.8  107  4.8   48
lower decile                                  -11.0   2.1   2.2  -6.9  -9.0  -7.8  -1.0  -4.3  -0.5    2  1.1    9
upper decile                                   -4.0   9.5   9.3   4.7   2.7   2.8   0.1   3.5   0.3  179  9.4   65
min                                           -20.0   0.0   1.5 -13.3 -20.6 -14.2  -5.2 -21.9  -1.2    0  0.0    2
max                                            -2.3  15.8  18.6  13.1   7.2   8.6   2.9   9.7   4.3  570 30.0  343
------------------------------------------------------------------------------------------------------------------
anthracene            24  1  2  P21/c    9.38  -4.0   5.4   4.9   4.6  -7.7   0.0  -0.0   1.5  -0.0    3  6.7    7
anthraquinone         24  1  2  P21/c    9.67  -8.3   4.1   6.3  -5.8   2.5  -3.6   0.5   3.5  -0.7    4 13.6   22
benzene               12  1  2  Pbca     9.54  -4.6   2.4   3.0  -4.1  -2.5   2.0   0.0   0.1   0.0    3  5.1    2
benzeneF6             12  2  1  P21/n   13.26 -13.5   5.0   8.8  -5.5   0.2  -8.6  -0.0   0.3  -0.1    4  9.3   19
benzeneO2             12  1  2  P21/c   10.70 -14.0   3.7   6.2  -6.6  -2.4  -6.4  -1.0  -4.3   0.5   23  2.9    8
benzodithiopheneO2    18  1  2  P21/n   11.82 -10.5   3.0   6.4  -5.4   0.3  -5.8  -0.0  -0.1  -0.0    2  4.7   30
benzotrithiophene     21  1  1  P21/n   12.45  -7.4   9.4   8.8 -13.3   0.0   8.6  -0.0   2.1  -0.1  296  7.0   35
benzotrithiopheneA    21  2  1  P21     12.11  -8.2   4.0   5.9  -6.1   0.1  -3.4  -0.1  -3.5  -0.0   28  3.5   27
bithiophene           16  1  2  P21/c   11.72  -8.2  10.9  10.2  11.6 -13.6  -2.7  -0.4   4.0  -0.5    9  9.1   26
BTBT                  24  1  2  P21/c   10.91  -5.4   6.5   6.8  -0.2   5.5 -11.0   0.0  -2.1   0.0    2  8.1   30
C60                   60  1  6  Pa-3    11.70  -5.8   0.0   2.0  -2.0  -2.0  -2.0  -0.0  -0.0  -0.0    0  0.0   12
carbazole             22  1  2  Pnma     9.21  -4.0   4.4   3.9   5.1   0.0  -8.7  -0.0  -0.0   0.1   48  3.5   31
carbazoleNO2b         24  1  1  P21/n    9.96 -11.0  14.8  12.3   7.1 -20.6   3.5   0.0  -9.3  -0.1  212 10.2   64
chrysene              30  1  2  C12/n1   9.38  -5.4   4.7   4.1   0.0  -7.4   1.4   0.0  -4.3  -0.0   33  2.3    9
coronene              36  1  2  P21/n    9.57  -6.0   3.2   2.5   1.6  -7.0  -0.7  -0.0  -0.4   0.0    1  1.5    8
DATT                  48  1  1  P21      9.98  -4.4   4.5   3.7  -3.9  -1.3   1.0  -4.3  -0.4   0.5  570  1.6   68
DBTTF                 26  1  2  P21/c   11.69  -8.0   4.0   4.0   0.3  -7.9  -2.1  -0.2  -2.5  -0.1    7  2.8   62
dibenzoindigo         42  1  2  P21/n    9.59  -7.7   5.2   9.4  -0.9  -5.5  -1.5  -1.1  -2.3  -0.9   51  4.5   29
DNBDT                 42  1  2  P21/n    9.94  -7.1   2.8   1.8  -0.3  -6.4  -0.7   0.1  -0.6   0.1    7  0.7   26
DNTT                  36  1  1  P21     10.39  -4.7   5.3   4.7  -5.4  -0.2   1.4  -5.2  -0.1  -0.3  485  2.0   60
hexacene              42  2  2  P-1      9.05  -2.3   5.1   4.6  -5.1   0.8   3.0   2.9   2.1  -1.2   19  5.9   22
HMTTF                 28  1  1  P21/c   10.18  -6.4   2.7   3.2  -3.9  -3.5   0.9   0.2  -1.5  -0.3  125  1.4   59
ICZb                  32  1  2  P21/c    9.16  -3.7   2.9   2.3   1.6  -3.4  -1.6  -0.4   0.7  -0.8   16  1.8   11
ICZbCl2c              32  1  2  P21/c   10.34  -3.8   1.5   2.0  -0.7  -0.2  -3.3  -0.1  -0.9  -0.1    7  1.9   21
IF12b                 34  1  2  P21/n    9.17  -4.3   1.5   1.5  -0.8  -3.0  -0.4  -0.0   1.0   0.0    7  1.2    9
IF21a                 34  1  1  P21/c    9.58  -4.7   5.2   5.4   6.5  -8.8  -1.6  -0.0   3.5   0.0  104  5.7   17
indigo                30  1  2  P21/n    9.59  -6.8   8.1   9.2 -10.6   6.1  -4.3   0.1  -5.6   0.1    2  5.0   26
indigoCl2             30  1  2  P21/c   11.01  -6.7   9.2   7.7   7.5 -10.0  -3.4  -0.2   0.3   0.0    2  7.6   64
naphthalene           18  1  2  P21/c    9.41  -4.2   5.2   4.9   4.7  -7.4   0.1  -0.1   1.6  -0.1    4  6.6    5
NDFPh                 44  1  2  P21/c    9.86  -7.1   4.1   6.2  -5.1  -0.8  -2.0   0.4  -4.1   0.6   26  1.0   41
NDI                   26  2  2  P-1     10.07  -9.4   4.2   5.1  -1.9  -3.8  -2.7  -1.4  -3.7   4.0    4  3.6   25
NDT                   24  2  2  P21/c   10.92  -7.7   2.2   3.9  -2.9   0.9  -5.7   0.2   0.4   0.0    4  5.8   25
oligothiophene4       30  1  2  P21/a   11.73  -9.1   4.0   4.2  -2.5  -4.2  -1.2  -0.0   4.1   0.1   11  4.9   59
oligothiophene6       44  1  2  P21/a   11.70  -9.2   4.1   6.4  -1.2  -4.4  -4.4  -0.0  -4.4   0.1    8  5.3   79
OPV3CN                42  1  2  Pbca    10.12  -9.7  10.8   5.8  -2.1 -10.1   2.6  -1.5  -0.0  -0.6  230  5.3  343
PBBTZ                 30  1  1  P21/n   10.57  -6.8   3.3   1.6  -6.3  -0.0  -0.5  -0.1  -0.1   0.1   28  2.4   71
PDI                   40  1  2  P21/n    9.64  -8.6   3.9   4.5  -6.6  -3.8   1.8   0.1  -3.3   0.0    6  1.1   24
pentacene             36  2  2  P-1      9.17  -3.7   4.6   3.9  -2.8  -3.2   3.0  -1.7   1.3   1.0   15  5.4   14
pentaceneN2Cl4        34  1  2  P21/n   11.88  -6.2  10.7  11.5   3.2   1.1  -6.5   0.1 -21.9   0.1    4 30.0   50
pentaceneN4O2         32  1  2  P21/n    9.92  -8.3  15.8  18.6  13.1  -3.6 -14.2   0.0   9.7  -0.0    1 19.6   35
perylene              32  1  2  P21/c    9.16  -4.5   4.9   4.5   3.2  -6.0  -0.5   0.0   3.6   0.0    2  1.9    6
phenazine             22  1  2  P21/n    9.75  -8.7   3.9   3.8  -6.0  -3.8   0.2  -0.0  -1.9  -0.0    6  3.7   18
PTCDA                 38  1  2  P21/c   10.10 -10.0   2.6   5.4  -6.0  -4.3  -0.5   0.0  -2.8  -0.0    4  3.6   41
pyrene                26  1  1  P21/a    9.60  -6.7   2.8   3.6  -0.7  -6.1  -0.2  -0.3  -1.0  -0.1  136  0.5   11
quinacridone          36  1  2  P21/c    9.47  -7.1   4.0   3.5  -1.4  -6.8   0.4   0.1  -2.5   0.1    4  1.7   31
spirobifluorene       41  1  1  P21/c   10.11  -5.7   1.7   3.0  -2.8  -0.2  -3.1   0.2  -1.3   0.1  177  1.0   51
stilbene              26  2  2  P21/a    9.37  -5.6   7.9   6.7  -1.4 -10.8   5.7   0.1  -2.4  -0.1   12  6.6   17
TCNQ                  20  1  2  C2/c    12.42 -11.2   4.8   3.9  -3.9  -8.1   0.6   0.1   0.3  -0.5    7  4.4   21
TCNQ-F2               20  1  4  C2/m    12.84 -12.1   2.7   4.7  -4.7  -6.7  -0.9  -0.9   0.2  -1.2    9  1.8   35
TCNQ-F4               20  1  2  Pbca    13.90 -12.5   7.3   9.3 -11.6   7.2  -7.7  -0.0   0.1  -0.0   10  4.4   48
tetracene             30  2  2  P-1      9.30  -3.9  10.2   9.3  -9.7   2.5   7.7  -0.3  -4.9   4.3   68 15.6   14
thiazolothiazolePh    30  1  2  P21/c   10.70  -9.1   6.3   2.8  -3.5  -6.3   0.8  -0.0   0.9   0.0    4  3.2   63
TPP                   34  1  1  P21/c   10.07  -6.8   6.7   6.8   2.8   1.8 -10.9  -0.0  -3.2   0.0  150  4.9  199
triazine               9  1  2  C2/c    10.20 -20.0   5.2   7.9  -0.4  -6.0 -10.2  -0.4   3.7   0.3    4 11.4   17
triphenylbenzene      42  1  1  Pna21    9.55  -7.9   4.6   3.5  -9.5   0.4   1.4   0.1  -0.1  -0.2   28  2.5  108
triphenylene          30  1  1  P212121  9.25  -5.4   5.4   4.5  -8.9   4.9  -1.0   0.1  -0.0  -0.0  193  2.8   36
triphenyltriazine     39  1  1  P21/c    9.43  -6.1   4.2   2.2   1.4  -7.0  -0.3  -0.0   1.6  -0.1  120  1.4   54
triptycene            34  1  1  P212121  9.77  -5.0   0.8   1.8  -1.1  -2.9  -1.1   0.1   0.1   0.0   99  1.7   29
TTAa                  36  1  2  P21/n   11.27  -6.4   5.5   7.3  -5.1   5.7  -6.5  -0.0   2.4  -0.0    3  4.5   29
TTAb                  36  1  2  P21/n   11.25  -7.4   4.7   3.9  -2.4  -7.3   2.7   0.0   1.2   0.0    2  1.2   24
TTF                   14  1  2  P21/c   13.51  -8.4   3.7   2.4  -1.1  -7.5   0.0  -0.1  -0.1   0.1    3  2.7   47
TTPa                  34  1  2  P21/n   11.67  -5.2   4.5   6.0  -3.5   4.2  -5.7   0.0   1.9  -0.0    5  4.1   32
TTPb                  34  2  2  P21/a   11.83  -9.6   4.6   3.6   1.4  -8.3  -2.2  -0.0   0.9   0.1    7  5.1   35
TTPc                  34  1  1  P21     11.92  -7.9   1.8   2.4  -1.0  -5.2  -1.9  -0.0  -0.6  -0.1  110  1.0   36
TTTT                  18  1  2  P21/n   12.70  -8.7   5.6   3.6   1.1 -10.2   1.1   0.0   1.3  -0.0    1  5.0   32
