  system             na1 no ns   SG       V1    dV1   dSh   dTv   da    db    dc   dalp  dbet  dgam   dr  phi  dev
    str                #  #  #   str      Ao3    %     %     %     %     %     %    deg   deg   deg  mAo  deg  mAo
median                                          4.2   0.8   1.7   1.1   1.3   1.3   0.0   0.1   0.0    0  0.8   13
mean                                            4.1   1.0   1.9   1.2   1.5   1.4   0.0   0.1  -0.0    4  1.0   16
standard dev                                    1.8   0.6   0.9   0.9   1.2   1.0   0.2   0.8   0.0    9  0.7   10
lower decile                                    2.0   0.3   0.9   0.5   0.2   0.4   0.0  -0.7   0.0    0  0.3    7
upper decile                                    6.6   1.8   3.2   2.2   3.1   2.5   0.0   0.8   0.0   17  2.0   31
min                                            -0.1   0.0   0.0  -0.6  -0.8  -1.1  -0.9  -2.6  -0.3    0  0.0    3
max                                             8.1   2.7   4.6   4.5   4.4   5.3   1.1   2.0   0.1   41  3.1   44
------------------------------------------------------------------------------------------------------------------
anthracene            24  1  2  P21/c    9.15   3.9   0.4   1.5   1.3   0.9   1.8   0.0   0.3   0.0    0  1.0    9
anthraquinone         24  1  2  P21/c    9.37   5.0   0.6   1.9   1.0   2.6   1.4   0.0   0.1   0.0    0  1.1    9
benzene               12  1  2  Pbca     9.25   7.0   0.8   2.5   1.2   2.8   2.9   0.0   0.0   0.0    0  1.3    3
benzeneF6             12  2  1  P21/n   11.93   4.7   1.3   2.0   0.5   3.4   0.8   0.0   0.2   0.0    0  1.5   10
benzeneO2             12  1  2  P21/c   10.17   7.7   2.3   3.7   1.7   1.1   5.3   0.0   2.0   0.0    0  2.6    9
benzodithiopheneO2    18  1  2  P21/n   11.50   6.3   1.9   3.3   3.0   0.1   2.5   0.0  -2.3   0.0    0  2.8   41
benzotrithiophene     21  1  1  P21/n   12.27   5.4   2.7   3.2   0.7  -0.8   4.8   0.0  -1.1   0.0   41  3.1   44
benzotrithiopheneA    21  2  1  P21     12.00   2.1   0.3   1.0   0.9   0.6   0.7   0.0   0.3   0.0   17  0.2   12
bithiophene           16  1  2  P21/c   11.52   2.8   1.5   1.9   2.7   0.6   0.1   0.0   1.0   0.0    0  1.4   31
BODIPY                21  1  1  C2/c     9.50   8.1   1.1   2.6   1.9   4.1   1.8   0.0  -0.4   0.0   27  1.1   24
BTBT                  24  1  2  P21/c   10.75   2.3   0.4   1.0   0.9   0.3   1.1   0.0   0.2   0.0    0  0.9    7
C60                   60  1  6  Pa-3    11.53   0.0   0.0   0.0   0.0   0.0   0.0   0.0   0.0   0.0    0  0.2   20
carbazole             22  1  2  Pnma     8.98   4.2   0.3   1.6   1.8   1.2   1.2   0.0   0.0   0.0   18  0.9    6
carbazoleNO2b         24  1  1  P21/n    9.57   2.5   1.4   1.0   0.6   2.4  -0.4   0.0   0.5   0.0   24  0.7   11
chrysene              30  1  2  C12/n1   9.18   3.4   0.5   1.3   0.8   1.4   1.2   0.0   0.3   0.0    0  0.6    6
coronene              36  1  2  P21/n    9.43   2.4   0.3   0.9   1.1   0.7   0.5   0.0   0.0   0.0    0  0.2    6
DATT                  48  1  1  P21      9.82   4.5   1.1   1.5   1.1   2.7   0.7   0.0  -0.1   0.0    9  1.2   15
DBTTF                 26  1  2  P21/c   11.59   2.5   0.3   1.2   0.9   0.8   0.9   0.0   0.2   0.0    0  0.3   11
dibenzoindigo         42  1  2  P21/n    9.34   0.6   1.1   1.5  -0.6   0.8   0.4   0.0  -0.2   0.0    0  0.5   30
DNBDT                 42  1  2  P21/n    9.79   4.7   0.8   1.9   0.7   2.5   1.6   0.0   0.4   0.0    0  0.9   18
DNTT                  36  1  1  P21     10.21   4.4   0.9   1.7   0.6   2.8   0.9   0.0   0.2   0.0   17  1.3   19
hexacene              42  2  2  P-1      8.88   4.5   1.4   2.4  -0.2   3.5   1.4   1.1  -0.0  -0.1    0  2.1   31
HMTTF                 28  1  1  P21/c    9.99   6.6   1.5   3.1   1.7   3.8   1.0   0.0   0.5   0.0    5  0.7   18
ICZb                  32  1  2  P21/c    8.93   3.6   1.2   2.1   1.9   0.3   1.6   0.0   1.2   0.0    0  1.5   10
ICZbCl2c              32  1  2  P21/c   10.06  -0.1   0.9   0.9   0.6   0.6  -1.1   0.0   0.4   0.0    0  0.4   13
IF12b                 34  1  2  P21/n    8.96   5.8   1.1   2.2   1.5   2.5   1.6   0.0  -1.3   0.0    0  0.7    8
IF21a                 34  1  1  P21/c    9.36   4.2   0.9   2.2  -0.3   3.1   1.4   0.0   0.2   0.0    4  0.6   13
indigo                30  1  2  P21/n    9.34   3.6   0.8   1.7   2.2   0.2   1.3   0.0   0.3   0.0    0  0.5    9
indigoCl2             30  1  2  P21/c   10.72   1.7   1.0   1.1  -0.3   1.4   1.0   0.0   0.6   0.0    0  0.8    7
naphthalene           18  1  2  P21/c    9.15   4.0   0.6   1.7   1.7   0.9   1.7   0.0   0.5   0.0    0  1.1    3
NDFPh                 44  1  2  P21/c    9.56   7.3   1.3   2.6   1.6   4.4   1.3   0.0   0.4   0.0    0  1.6   18
NDI                   26  2  2  P-1      9.68   3.3   0.8   1.3   1.1   1.3   0.6   0.7   0.6  -0.3    0  0.3   10
NDT                   24  2  2  P21/c   10.75   7.2   2.2   4.6   4.5   0.8   1.7   0.0  -0.3   0.0    0  2.1   38
oligothiophene4       30  1  2  P21/a   11.55   5.5   2.4   3.2   0.7   1.6   2.5   0.0  -2.6   0.0    0  2.5   25
oligothiophene6       44  1  2  P21/a   11.53   4.9   1.9   3.4   1.5   1.2   2.5   0.0   1.9   0.0    0  1.7   26
OPV3CN                42  1  2  Pbca     9.88   4.7   0.6   2.2   1.0   2.4   1.2   0.0   0.0   0.0    0  1.0   38
PBBTZ                 30  1  1  P21/n   10.44   1.9   0.7   0.6   1.0   0.1   0.8   0.0  -0.4   0.0    8  0.4   10
PDI                   40  1  2  P21/n    9.35   3.4   0.6   1.4   0.9   0.9   1.6   0.0   0.8   0.0    0  0.4   25
pentacene             36  2  2  P-1      8.98   4.7   0.9   2.1   0.9   2.6   1.5  -0.9  -0.1   0.1    0  1.3   13
pentaceneN2Cl4        34  1  2  P21/n   11.61   2.4   0.5   0.7   1.5   0.4   0.4   0.0  -0.2   0.0    0  0.7   12
pentaceneN4O2         32  1  2  P21/n    9.62   5.6   1.4   1.7   3.8   0.7   1.0   0.0  -0.7   0.0    0  1.2   14
perylene              32  1  2  P21/c    8.98   4.6   0.8   1.4   1.3   2.6   0.6   0.0  -0.2   0.0    0  0.3   12
phenazine             22  1  2  P21/n    9.50   7.2   1.5   3.4   0.8   2.6   3.2   0.0  -1.2   0.0    0  1.4   10
PTCDA                 38  1  2  P21/c    9.73   2.4   0.8   0.7   1.6   0.2   0.7   0.0   0.6   0.0    0  0.5   30
pyrene                26  1  1  P21/a    9.43   3.6   0.4   1.2   0.6   1.4   1.4   0.0  -0.1   0.0   16  0.4    7
quinacridone          36  1  2  P21/c    9.22   5.5   1.5   2.8   1.7   2.3   1.9   0.0   1.4   0.0    0  2.1   43
spirobidibenzosilole  41  1  2  P41212  10.25   3.6   0.3   1.3   1.3   1.3   0.9   0.0   0.0   0.0   32  0.8   22
spirobifluorene       41  1  1  P21/c    9.92   6.5   0.6   2.4   1.3   2.5   2.5   0.0  -0.4   0.0   14  0.4   22
stilbene              26  2  2  P21/a    9.16   4.3   0.2   1.6   1.2   1.7   1.4   0.0  -0.1   0.0    0  0.8   14
TCNQ                  20  1  2  C2/c    12.08   3.7   1.3   1.2   0.9   2.8   0.0   0.0   0.4   0.0    0  0.6   12
TCNQ-F2               20  1  4  C2/m    12.26   4.2   1.0   1.4   0.6   3.0   0.6   0.0   0.2   0.0    0  0.0   12
TCNQ-F4               20  1  2  Pbca    13.13   4.2   0.3   1.6   1.8   0.8   1.5   0.0   0.0   0.0    0  0.6   13
tetracene             30  2  2  P-1      9.10   4.9   0.8   2.0   1.1   2.5   1.4  -0.7   0.3   0.0    0  1.3   13
thiazolothiazolePh    30  1  2  P21/c   10.49   6.1   0.8   3.0   2.1   1.7   1.8   0.0  -1.1   0.0    0  1.1   21
TPP                   34  1  1  P21/c    9.89   3.8   0.7   1.5   0.8   0.9   2.1   0.0   0.6   0.0   13  0.6   14
triazine               9  1  2  C2/c     9.80   4.2   1.9   2.7   4.1   1.0   1.2   0.0   1.8   0.0    9  1.9    3
triphenylbenzene      42  1  1  Pna21    9.33   4.5   0.9   1.3   2.8   0.7   0.9   0.0   0.0   0.0    7  0.5   38
triphenylene          30  1  1  P212121  9.06   4.7   0.2   1.9   1.4   1.8   1.4   0.0   0.0   0.0    9  0.3   10
triphenyltriazine     39  1  1  P21/c    9.18   4.5   0.8   2.1   1.2   2.2   1.1   0.0   0.0   0.0    9  0.3   13
triptycene            34  1  1  P212121  9.57   4.3   0.0   1.7   1.4   1.5   1.4   0.0   0.0   0.0   12  0.2   15
TTAa                  36  1  2  P21/n   11.13   1.3   0.6   1.0   0.7  -0.3   0.9   0.0  -0.3   0.0    0  0.5   13
TTAb                  36  1  2  P21/n   11.14   2.9   0.9   1.6   0.5   0.5   1.9   0.0   0.1   0.0    0  0.4   16
TTF                   14  1  2  P21/c   13.52   6.3   0.9   2.3   1.4   3.4   1.7   0.0   0.7   0.0    0  0.7    9
TTPa                  34  1  2  P21/n   11.51   2.1   0.4   1.0   0.9   0.3   0.9   0.0  -0.4   0.0    0  0.4   11
TTPb                  34  2  2  P21/a   11.67   1.9   0.6   0.6   0.7   1.1   0.2   0.0   0.1   0.0    0  1.1   20
TTPc                  34  1  1  P21     11.76   3.5   1.7   2.6   0.7  -0.4   3.0   0.0  -0.5   0.0    8  1.2   18
TTTT                  18  1  2  P21/n   12.57   3.4   0.7   1.2   0.3   1.8   1.3   0.0   0.2   0.0    0  0.6    7
