  system             na1 no ns   SG       V1    dV1   dSh   dTv   da    db    dc   dalp  dbet  dgam   dr  phi  dev
    str                #  #  #   str      Ao3    %     %     %     %     %     %    deg   deg   deg  mAo  deg  mAo
median                                          0.7   0.5   0.6   0.1   0.3   0.2   0.0  -0.0   0.0    0  0.5    4
mean                                            0.7   0.6   0.8   0.2   0.3   0.2  -0.0  -0.1  -0.0    4  0.6    5
standard dev                                    0.4   0.4   0.5   0.7   0.7   0.5   0.1   0.4   0.1    9  0.5    4
lower decile                                    0.2   0.2   0.3  -0.6  -0.3  -0.4   0.0  -0.5   0.0    0  0.2    1
upper decile                                    1.3   1.3   1.5   0.8   1.0   0.9   0.0   0.4   0.0   14  1.4   12
min                                            -0.1   0.0   0.1  -2.1  -1.9  -1.3  -0.5  -1.8  -0.4    0  0.0    0
max                                             1.7   2.2   2.4   2.3   2.2   1.8   0.3   1.2   0.2   46  2.0   19
------------------------------------------------------------------------------------------------------------------
anthracene            24  1  2  P21/c    9.15   1.2   0.7   0.7  -0.0   0.7   0.2   0.0  -0.7   0.0    0  0.6    1
anthraquinone         24  1  2  P21/c    9.37   1.1   0.6   1.0   0.4  -0.2   0.8   0.0  -0.3   0.0    0  0.7    3
benzene               12  1  2  Pbca     9.25   0.7   0.8   0.8  -0.9   0.8   0.8   0.0   0.0   0.0    0  1.2    0
benzeneF6             12  2  1  P21/n   11.93   0.3   0.5   0.5  -0.1   0.7  -0.3   0.0   0.1   0.0    0  0.7    2
benzeneO2             12  1  2  P21/c   10.17   1.2   0.5   0.6   0.7  -0.1   0.7   0.0   0.4   0.0    0  1.4    5
benzodithiopheneO2    18  1  2  P21/n   11.50   0.5   1.4   1.5  -0.6  -0.2   0.8   0.0  -1.8   0.0    0  1.8    4
benzotrithiophene     21  1  1  P21/n   12.27   0.0   1.4   1.4  -0.6  -1.2   1.8   0.0  -0.2   0.0   35  1.7    8
benzotrithiopheneA    21  2  1  P21     12.00   0.2   0.4   0.3   0.1   0.4  -0.3   0.0  -0.2   0.0   11  0.3    1
bithiophene           16  1  2  P21/c   11.52   1.2   1.0   1.1   1.6   0.2  -0.7   0.0  -0.1   0.0    0  1.4    1
BODIPY                21  1  1  C2/c     9.50   0.5   0.4   0.5  -0.3   0.2   0.4   0.0  -0.4   0.0   19  0.7   10
BTBT                  24  1  2  P21/c   10.75   0.9   0.4   0.6   0.7   0.3  -0.1   0.0   0.1   0.0    0  0.1    2
C60                   60  1  6  Pa-3    11.53   0.2   0.0   0.1   0.1   0.1   0.1   0.0   0.0   0.0    0  0.2    0
carbazole             22  1  2  Pnma     8.98   0.5   0.3   0.5  -0.2   0.4   0.3   0.0   0.0   0.0   13  0.1    1
carbazoleNO2b         24  1  1  P21/n    9.57   1.1   1.3   1.1   0.1   1.8  -0.5   0.0   0.8   0.0   46  0.6    4
chrysene              30  1  2  C12/n1   9.18   0.5   0.8   0.9   0.4   1.0  -0.8   0.0   0.6   0.0    0  0.5    3
coronene              36  1  2  P21/n    9.43   0.6   0.5   0.5   0.7   0.2  -0.2   0.0   0.2   0.0    0  0.2    3
DATT                  48  1  1  P21      9.82   0.9   0.2   0.5   0.3   0.2   0.4   0.0   0.2   0.0    5  0.4    6
DBTTF                 26  1  2  P21/c   11.59   0.4   0.3   0.4   0.2  -0.2   0.2   0.0  -0.2   0.0    0  0.2    5
dibenzoindigo         42  1  2  P21/n    9.34   1.0   1.3   1.8  -0.2   1.1   0.1   0.0  -0.1   0.0    0  0.6    3
DNBDT                 42  1  2  P21/n    9.79   0.3   0.2   0.3   0.2  -0.1   0.2   0.0   0.1   0.0    0  0.1    2
DNTT                  36  1  1  P21     10.21   1.1   0.5   0.8  -0.2   0.6   0.7   0.0  -0.1   0.0   14  0.4    3
hexacene              42  2  2  P-1      8.88  -0.0   0.5   0.5   0.4  -0.5  -0.0  -0.5   0.1   0.2    0  0.4    2
HMTTF                 28  1  1  P21/c    9.99   0.1   0.3   0.3  -0.1  -0.2   0.4   0.0  -0.2   0.0    4  0.4    9
ICZb                  32  1  2  P21/c    8.93   0.3   0.7   0.8   0.8  -0.1  -0.4   0.0  -0.2   0.0    0  1.0    3
ICZbCl2c              32  1  2  P21/c   10.06   0.7   0.2   0.2   0.1   0.5   0.1   0.0   0.1   0.0    0  0.1    7
IF12b                 34  1  2  P21/n    8.96   0.4   0.7   0.7   0.2   0.8  -0.5   0.0   0.3   0.0    0  0.4    2
IF21a                 34  1  1  P21/c    9.36   0.9   1.5   1.7  -2.1   2.2   0.9   0.0   0.3   0.0    7  1.1    6
indigo                30  1  2  P21/n    9.34   1.3   0.9   0.8   1.0   0.7  -0.6   0.0  -0.2   0.0    0  0.5    6
indigoCl2             30  1  2  P21/c   10.72   0.7   0.7   0.9   0.5   0.3   0.3   0.0   0.7   0.0    0  1.0    3
naphthalene           18  1  2  P21/c    9.15  -0.1   0.5   0.5  -0.1  -0.0  -0.3   0.0  -0.5   0.0    0  0.7    1
NDFPh                 44  1  2  P21/c    9.56   1.7   0.4   0.9   0.8   0.8   0.0   0.0  -0.3   0.0    0  0.4   13
NDI                   26  2  2  P-1      9.68   0.6   0.5   0.5   0.1   0.6  -0.0   0.3   0.1  -0.4    0  0.4    7
NDT                   24  2  2  P21/c   10.75   0.7   2.2   2.4   2.3  -1.9   0.3   0.0  -0.4   0.0    0  2.0    3
oligothiophene4       30  1  2  P21/a   11.55   0.3   1.0   1.1  -0.7  -0.1   0.9   0.0  -0.7   0.0    0  0.9    4
oligothiophene6       44  1  2  P21/a   11.53   0.3   1.4   1.5  -0.8   0.0   1.2   0.0   0.4   0.0    0  0.9   13
OPV3CN                42  1  2  Pbca     9.88   0.6   1.3   1.6  -0.0  -0.3   0.9   0.0   0.0   0.0    0  1.4   15
PBBTZ                 30  1  1  P21/n   10.44   0.3   0.2   0.4   0.0   0.3   0.0   0.0   0.1   0.0    6  0.3    2
PDI                   40  1  2  P21/n    9.35   0.3   0.9   0.9  -0.7   1.0   0.0   0.0  -0.3   0.0    0  1.0    3
pentacene             36  2  2  P-1      8.98  -0.1   0.4   0.4  -0.3   0.5  -0.1  -0.3   0.2  -0.1    0  0.7    1
pentaceneN2Cl4        34  1  2  P21/n   11.61   0.7   0.4   0.5   0.0   0.6   0.1   0.0  -0.4   0.0    0  0.5    5
pentaceneN4O2         32  1  2  P21/n    9.62   1.4   0.5   0.7   0.5   0.5   0.4   0.0  -1.1   0.0    0  0.9    8
perylene              32  1  2  P21/c    8.98   0.9   1.3   1.2   0.5   1.7  -1.3   0.0  -0.2   0.0    0  0.8    2
phenazine             22  1  2  P21/n    9.50   1.7   0.9   1.0  -0.6   1.5   0.6   0.0  -0.6   0.0    0  0.7    1
PTCDA                 38  1  2  P21/c    9.73   0.7   0.5   0.8  -0.0   0.7   0.1   0.0   0.1   0.0    0  0.6   10
pyrene                26  1  1  P21/a    9.43   1.0   0.9   0.9  -0.7   0.8   0.9   0.0  -0.4   0.0   14  0.5    1
quinacridone          36  1  2  P21/c    9.22   0.8   1.3   1.6   1.4  -0.9   0.6   0.0   0.7   0.0    0  1.6    4
spirobidibenzosilole  41  1  2  P41212  10.25   0.3   0.5   0.4   0.3   0.3  -0.3   0.0   0.0   0.0   27  0.7   18
spirobifluorene       41  1  1  P21/c    9.92   0.7   0.2   0.3   0.0   0.4   0.3   0.0  -0.1   0.0   15  0.2   11
stilbene              26  2  2  P21/a    9.16   0.7   0.6   0.7   0.9   0.1  -0.1   0.0   0.2   0.0    0  0.6    5
TCNQ                  20  1  2  C2/c    12.08   1.3   0.7   0.5   0.4   1.1  -0.2   0.0   0.0   0.0    0  0.3    3
TCNQ-F2               20  1  4  C2/m    12.26   1.3   0.4   0.5   0.1   1.0   0.2   0.0  -0.0   0.0    0  0.0    4
TCNQ-F4               20  1  2  Pbca    13.13   0.9   0.6   0.8  -0.5   0.5   0.9   0.0   0.0   0.0    0  0.3    8
tetracene             30  2  2  P-1      9.10   1.4   0.4   0.6   0.8  -0.0   0.4   0.1   0.2  -0.1    0  0.5    2
thiazolothiazolePh    30  1  2  P21/c   10.49   1.3   0.7   1.1  -0.2   0.6   0.6   0.0  -0.9   0.0    0  0.9    7
TPP                   34  1  1  P21/c    9.89   0.6   0.1   0.3   0.0   0.3   0.3   0.0  -0.1   0.0   13  0.4   12
triazine               9  1  2  C2/c     9.80   1.1   1.2   1.4   2.1   0.3   0.1   0.0   1.2   0.0    5  1.6    1
triphenylbenzene      42  1  1  Pna21    9.33   0.8   0.1   0.4   0.2   0.3   0.3   0.0   0.0   0.0    8  0.2   14
triphenylene          30  1  1  P212121  9.06   0.2   0.1   0.2  -0.1   0.2   0.1   0.0   0.0   0.0    8  0.3    3
triphenyltriazine     39  1  1  P21/c    9.18   0.4   0.2   0.4   0.3  -0.1   0.2   0.0  -0.0   0.0    6  0.1    6
triptycene            34  1  1  P212121  9.57   0.7   0.0   0.3   0.2   0.2   0.2   0.0   0.0   0.0   10  0.2    6
TTAa                  36  1  2  P21/n   11.13   0.7   0.5   0.7   0.3  -0.2   0.6   0.0  -0.4   0.0    0  0.5    9
TTAb                  36  1  2  P21/n   11.14   0.6   0.3   0.4  -0.1   0.2   0.5   0.0  -0.1   0.0    0  0.3    5
TTF                   14  1  2  P21/c   13.52   0.5   0.4   0.4   0.1   0.2   0.1   0.0  -0.4   0.0    0  0.3    3
TTPa                  34  1  2  P21/n   11.51   0.4   0.4   0.5   0.1  -0.0   0.2   0.0  -0.4   0.0    0  0.4    3
TTPb                  34  2  2  P21/a   11.67   0.2   0.1   0.1   0.0   0.0   0.1   0.0  -0.1   0.0    0  0.8    4
TTPc                  34  1  1  P21     11.76   0.7   1.3   1.5   0.3  -1.3   1.6   0.0  -0.4   0.0   23  1.1   19
TTTT                  18  1  2  P21/n   12.57   0.3   0.5   0.6   0.4  -0.3   0.4   0.0   0.4   0.0    0  0.3    2
