  system             na1 no ns   SG       V1    dV1   dSh   dTv   da    db    dc   dalp  dbet  dgam   dr  phi  dev
    str                #  #  #   str      Ao3    %     %     %     %     %     %    deg   deg   deg  mAo  deg  mAo
median                                         -5.0   4.3   4.9  -2.2  -2.4   0.0  -0.0  -0.0   0.0    9  4.5   23
mean                                           -5.3   6.4   6.5  -2.1  -2.8   0.6  -0.4   0.3   0.1   44  5.9   31
standard dev                                    2.4   5.3   5.0   7.4   7.1   5.9   2.0   4.2   0.9   76  4.8   37
lower decile                                   -8.3   0.9   1.6 -10.8 -10.4  -6.2  -1.7  -3.5  -0.4    2  1.0    7
upper decile                                   -2.4  14.7  14.0   6.4   6.2   9.8   0.2   6.8   0.2  134 12.8   53
min                                           -10.8   0.0   0.7 -19.8 -19.4 -14.7 -10.9 -11.5  -2.1    1  0.1    2
max                                            -0.1  23.1  22.6  23.5  18.3  17.4   5.2  13.8   4.2  349 20.9  292
------------------------------------------------------------------------------------------------------------------
anthracene            24  1  2  P21/c    9.15  -2.5  17.2  16.7  13.9 -17.9  10.2  -0.2  10.3  -0.4   18 13.5    7
anthraquinone         24  1  2  P21/c    9.37  -4.5   3.6   4.9  -2.2   2.2  -3.3  -0.3   2.9   0.5    5  7.2   24
benzene               12  1  2  Pbca     9.25  -1.0  12.3  12.3 -15.6  -0.1  17.4   0.2  -0.0   0.0    8 15.5    4
benzeneF6             12  2  1  P21/n   11.93  -8.0   4.4   6.5  -3.3   1.6  -6.2  -0.1   0.7  -0.0   13  8.0   21
benzeneO2             12  1  2  P21/c   10.17  -3.4   0.9   1.4  -1.4  -1.9   0.0  -0.1   0.3   0.1    2 10.3   22
benzodithiopheneO2    18  1  2  P21/n   11.50  -6.6  10.3   9.8 -18.1  13.3   0.1   0.2  -1.9  -0.0    8 10.8   30
benzotrithiophene     21  1  1  P21/n   12.27  -6.5  15.6  15.4  -7.5 -15.5  17.0  -0.0  -3.2  -0.1   82 10.2   23
benzotrithiopheneA    21  2  1  P21     12.00  -8.3   4.8   4.6  -6.6  -2.8   1.3   0.2   1.1   0.1   99  3.3   22
bithiophene           16  1  2  P21/c   11.52  -7.4  14.0  13.3  15.9 -10.5  -6.4  -0.7   7.6  -0.6    6 10.0   18
BODIPY                21  1  1  C2/c     9.50  -6.7   3.1   2.9  -2.8  -5.0   1.0   0.0  -0.1   0.0   23  1.4   21
BTBT                  24  1  2  P21/c   10.75  -5.6   3.3   3.7   0.2  -0.1  -6.3   0.1  -1.3   0.0    3  4.9   16
C60                   60  1  6  Pa-3    11.53  -6.9   0.0   2.4  -2.4  -2.4  -2.4  -0.0  -0.0  -0.0    1  0.1    2
carbazole             22  1  2  Pnma     8.98  -3.9   2.3   1.5  -0.1   0.3  -4.1  -0.0   0.1   0.2    9  0.6   15
carbazoleNO2b         24  1  1  P21/n    9.57  -7.5   3.5   3.6   1.1  -7.3  -1.8  -0.1  -2.1   0.1   86  4.2   46
chrysene              30  1  2  C12/n1   9.18  -3.7  14.5  13.8   2.5 -19.4  15.9   0.0 -11.5  -0.0   14 10.1    7
coronene              36  1  2  P21/n    9.43  -4.5   2.4   2.1   1.6  -5.1  -0.9  -0.0   0.1   0.0    2  0.7    5
DATT                  48  1  1  P21      9.82  -3.3   3.2   2.8  -5.5   2.3   0.3   1.4   2.0  -0.4   43  2.5   45
DBTTF                 26  1  2  P21/c   11.59  -8.0   3.5   4.3  -0.1  -6.4  -3.2  -0.4  -2.2  -0.1    9  5.1   22
dibenzoindigo         42  1  2  P21/n    9.34  -4.3   2.2   1.2  -3.7  -0.3  -0.3  -0.1   0.0   0.1   21  1.0   44
DNBDT                 42  1  2  P21/n    9.79  -4.9   2.3   1.2  -0.1  -4.6  -0.1  -0.0   0.4  -0.2    4  1.4   21
DNTT                  36  1  1  P21     10.21  -4.0   9.3   8.9  -5.2   1.2   2.0 -10.9   0.3  -2.1  349  7.8   31
hexacene              42  2  2  P-1      8.88  -0.1  12.0  12.0 -13.6  18.3   1.0   5.2   6.9   1.0    9 13.2   27
HMTTF                 28  1  1  P21/c    9.99  -8.0   5.5   5.7  -5.2  -3.3   0.7  -5.2  -0.6  -0.3  310  5.0   56
ICZb                  32  1  2  P21/c    8.93  -3.9  14.8  14.0  10.1  -2.8  -6.1  -0.3  12.4  -1.3    2  4.6   27
ICZbCl2c              32  1  2  P21/c   10.06  -5.0   3.4   3.2   0.4   0.7  -5.5  -0.0   1.8  -0.0    3  4.0   33
IF12b                 34  1  2  P21/n    8.96  -1.4   0.8   0.7   0.4  -1.8   0.0  -0.1   0.1   0.1    6  0.4   12
IF21a                 34  1  1  P21/c    9.36  -3.5   4.7   4.6   6.7  -8.6  -0.9   0.1   2.2  -0.1   25  4.6   28
indigo                30  1  2  P21/n    9.34  -2.9   9.6   9.8 -13.6   8.2   1.8  -0.3  -3.7  -0.2    4  6.5   24
indigoCl2             30  1  2  P21/c   10.72  -4.8   1.4   2.8  -1.7  -0.8  -2.9   0.1  -0.8  -0.0    2  5.2   46
naphthalene           18  1  2  P21/c    9.15  -2.3  23.1  22.6  23.5 -17.9  11.5  -0.2  13.8  -0.3    1 16.1    4
NDFPh                 44  1  2  P21/c    9.56  -2.4   8.0   8.5  -5.4   7.6  -5.1   1.1  -6.8   2.4   15  5.3   83
NDI                   26  2  2  P-1      9.68  -3.3   6.6   6.6  -1.1  -5.4   3.2  -5.3  -0.8   4.2    5  4.3   30
NDT                   24  2  2  P21/c   10.75  -6.6   3.1   4.9  -4.3   2.5  -4.7   0.1   0.3   0.0    8  8.6   15
oligothiophene4       30  1  2  P21/a   11.55  -6.7  13.6  12.7 -10.8  -4.6   8.0   0.1  -9.7   0.1    5 12.7   42
oligothiophene6       44  1  2  P21/a   11.53  -6.7  18.2  15.9 -13.5  -2.3  11.8   0.1   5.2  -0.1   10 12.8   65
OPV3CN                42  1  2  Pbca     9.88  -6.5   9.6   6.1  -0.9  -8.5   3.1  -1.8  -0.0   0.2  225  5.9  292
PBBTZ                 30  1  1  P21/n   10.44  -8.0   3.1   2.4  -4.5  -0.3  -3.4  -0.1  -0.0   0.0   65  1.4   29
PDI                   40  1  2  P21/n    9.35  -4.7   3.1   4.2  -0.8  -4.5   0.5  -0.2  -0.8  -0.3   20  2.8   23
pentacene             36  2  2  P-1      8.98  -0.4   8.2   8.2 -10.7  11.7   1.3  -2.7   3.7  -0.5   16  8.5   14
pentaceneN2Cl4        34  1  2  P21/n   11.61  -5.8   0.8   3.0  -1.8  -1.9  -2.4  -0.1  -1.4   0.1    5  2.0   15
pentaceneN4O2         32  1  2  P21/n    9.62  -5.0  18.0  19.7  20.2  -5.4 -14.7  -0.1   8.8  -0.1    4 20.7   27
perylene              32  1  2  P21/c    8.98  -3.6  13.0  12.2   6.7 -15.0   9.1  -0.0   7.9   0.0    1  5.2    9
phenazine             22  1  2  P21/n    9.50  -5.6   3.7   3.4  -5.0  -2.3   1.0  -0.0  -2.0   0.2    4  4.5    8
PTCDA                 38  1  2  P21/c    9.73  -4.2   8.4   8.8  -5.7  -5.5   8.1   0.1   2.8  -0.2   14  8.5   36
pyrene                26  1  1  P21/a    9.43  -5.0   3.6   3.8   1.2  -6.2  -0.2   0.3  -1.7   0.1  134  2.3   16
quinacridone          36  1  2  P21/c    9.22  -3.8   4.2   5.0  -4.3   0.4  -0.7   0.0  -2.9   0.0    3  4.0   20
spirobidibenzosilole  41  1  2  P41212  10.25  -3.9   0.2   1.6  -1.5  -1.3  -1.2   0.1   0.0  -0.1   19  3.5   71
spirobifluorene       41  1  1  P21/c    9.92  -4.5   0.7   2.0  -1.7  -0.8  -2.1   0.4  -0.5   0.1  133  0.6   30
stilbene              26  2  2  P21/a    9.16  -3.6   2.4   3.0  -3.6  -0.6  -0.4  -0.1  -1.5  -0.0    7  1.4   17
TCNQ                  20  1  2  C2/c    12.08  -9.9   7.3   5.4  -4.1  -9.0   3.5   0.0   0.8  -0.3  220  8.1   26
TCNQ-F2               20  1  4  C2/m    12.26  -7.3   3.0   3.7  -3.8  -4.0   0.9  -2.4   0.8  -0.2    4  3.9   53
TCNQ-F4               20  1  2  Pbca    13.13 -10.8   2.8   5.6  -0.9  -3.7  -6.5   0.0  -0.0   0.1    9  1.8   34
tetracene             30  2  2  P-1      9.10  -2.9  17.6  16.9 -19.8  16.4   9.9  -7.4  -1.7   4.2    5 20.9    6
thiazolothiazolePh    30  1  2  P21/c   10.49  -7.9   9.0   6.2  -0.1 -11.2   2.1   0.0  -5.8  -0.0   20  7.2   23
TPP                   34  1  1  P21/c    9.89  -5.6   2.5   3.0  -0.6  -0.3  -4.7   0.1  -2.0   0.1   46  1.4   89
triazine               9  1  2  C2/c     9.80 -10.1   3.0   5.3  -2.9  -3.5  -6.3   2.2  -2.2  -1.9   36  6.7   17
triphenylbenzene      42  1  1  Pna21    9.33  -3.6   1.9   1.6  -4.2  -0.3   0.9   0.0   0.1   0.5   57  0.6   30
triphenylene          30  1  1  P212121  9.06  -3.5   6.0   5.3  -8.7   6.4  -0.7   0.1  -0.1  -0.0  193  3.9   36
triphenyltriazine     39  1  1  P21/c    9.18  -3.1   3.4   2.0   1.6  -5.0   0.4  -0.3   1.4   0.2  233  1.4   53
triptycene            34  1  1  P212121  9.57  -1.9   0.7   1.1   0.5  -1.7  -0.7  -0.0   0.0   0.1  130  2.6   25
TTAa                  36  1  2  P21/n   11.13  -7.0   5.5   4.6  -1.8  -7.3   2.0  -0.0  -3.5   0.0    2  2.5   22
TTAb                  36  1  2  P21/n   11.14  -8.6   6.9   6.1  -4.6  -9.0   5.1   0.0  -0.4   0.0    2  3.1   29
TTF                   14  1  2  P21/c   13.52 -10.6   5.7   9.4  -2.9  -0.4  -8.2   0.1  -2.3   0.0    4  4.3   20
TTPa                  34  1  2  P21/n   11.51  -6.8   5.6   4.7  -1.9  -7.2   2.3   0.0  -3.5  -0.0   12  2.6   14
TTPb                  34  2  2  P21/a   11.67  -7.4   2.0   5.7  -3.3  -0.4  -4.0  -0.1  -0.2  -0.1    5  3.4   17
TTPc                  34  1  1  P21     11.76  -8.0   6.1   4.8  -2.4  -9.4   3.7  -0.0  -1.4  -0.0   83  4.1   43
TTTT                  18  1  2  P21/n   12.57  -8.5   4.3   3.4  -1.9  -8.0   1.9   0.1   0.9   0.0    7 11.6   17
