  system             na1 no ns   SG       V1    dV1   dSh   dTv   da    db    dc   dalp  dbet  dgam   dr  phi  dev
    str                #  #  #   str      Ao3    %     %     %     %     %     %    deg   deg   deg  mAo  deg  mAo
median                                          3.8   3.3   3.9   0.8   1.3   2.3   0.0  -0.1  -0.0    9  3.3   49
mean                                            3.9   4.7   5.4   1.4   0.5   2.5   0.0  -0.6   0.0   26  5.1   53
standard dev                                    1.8   5.0   5.0   5.9   5.7   4.5   0.6   3.7   0.6   41  5.6   27
lower decile                                    1.8   0.9   1.6  -3.3  -5.3  -2.1  -0.1  -3.9  -0.2    2  1.2   24
upper decile                                    5.9  12.2  13.2   7.0   6.6   7.4   0.3   2.2   0.2   82 12.0   81
min                                            -0.1   0.0   0.8 -19.9 -23.0 -12.8  -3.4 -15.9  -2.2    1  0.0    7
max                                            10.0  24.7  25.6  19.1  10.7  17.2   2.0  14.2   2.6  204 30.2  151
------------------------------------------------------------------------------------------------------------------
anthracene            24  1  2  P21/c    9.15   5.0   0.9   1.9   2.1   2.4   0.4   0.1  -0.2  -0.2    7  1.7   25
anthraquinone         24  1  2  P21/c    9.37   5.7   2.2   3.7  -1.1   3.8   3.0  -0.1   0.1   0.1    3  7.2   37
benzene               12  1  2  Pbca     9.25   5.9   0.9   2.1   0.7   1.9   3.2   0.1   0.0   0.0    4  3.6    7
benzeneF6             12  2  1  P21/n   11.93   6.8   6.4   6.1  -0.1  10.1  -2.7  -0.1   1.3  -0.1    3 10.7   32
benzeneO2             12  1  2  P21/c   10.17   2.5   4.4   4.5  -2.8  -1.5   6.9   0.5  -0.7  -0.6   10  2.8   21
benzodithiopheneO2    18  1  2  P21/n   11.50   1.4   3.0   2.9  -1.9   2.9  -0.5   0.0  -3.6   0.1    2  4.5   50
benzotrithiophene     21  1  1  P21/n   12.27   3.0   2.8   3.3  -2.1   2.1   4.1  -0.0   1.4  -0.1   63  1.8   39
benzotrithiopheneA    21  2  1  P21     12.00   2.4   1.8   1.5  -1.3   3.3   0.2  -0.0  -0.7   0.0   20  2.9   38
bithiophene           16  1  2  P21/c   11.52   1.3  15.0  15.1  19.1  -0.6 -12.8  -0.1   3.5  -0.1    2 14.3   42
BTBT                  24  1  2  P21/c   10.75   3.5   3.3   3.3   1.4   4.7  -3.3  -0.2  -1.8   0.1    9  4.8   43
C60                   60  1  6  Pa-3    11.53   2.5   0.0   0.8   0.8   0.8   0.8  -0.0  -0.0  -0.0    1  0.0   33
carbazole             22  1  2  Pnma     8.98   5.5   0.6   2.1   2.2   1.4   1.8   0.0   0.0   0.4   13  1.2   19
carbazoleNO2b         24  1  1  P21/n    9.57   2.8  24.7  25.6  13.7 -23.0  16.5   0.2 -15.9  -0.1  103 21.7   67
chrysene              30  1  2  C12/n1   9.18   5.6   0.8   2.7   1.9   1.2   2.1  -0.0  -1.0   0.0   14  0.9   30
coronene              36  1  2  P21/n    9.43   0.1  23.4  23.4   4.9 -21.9  17.2  -0.1 -13.8   0.1    2 30.2   30
DATT                  48  1  1  P21      9.82   4.4   2.7   3.9   4.1  -2.3   2.6  -0.1  -2.3  -0.1   40  4.6   73
DBTTF                 26  1  2  P21/c   11.59   2.4   4.3   5.1   5.6  -4.7   1.9  -0.1   0.3  -0.0    2  6.9   92
dibenzoindigo         42  1  2  P21/n    9.34   4.6   2.2   2.7   0.4   0.9   3.1   0.3  -4.4   0.1   48  5.1   79
DNBDT                 42  1  2  P21/n    9.79   2.9   4.3   5.4   1.4  -3.0   4.8   0.0   0.5   0.1    4  3.5   62
DNTT                  36  1  1  P21     10.21   4.1   3.6   4.3   5.0  -3.3   2.8   2.0   2.0   0.4   40  5.7   58
hexacene              42  2  2  P-1      8.88   6.2   5.5   7.2  -0.9   0.8   6.2   0.4  -4.5  -2.2    9  7.0   48
HMTTF                 28  1  1  P21/c    9.99   3.9   1.1   2.2  -0.2   1.4   2.7   0.1  -0.0  -0.0   67  1.7   91
ICZb                  32  1  2  P21/c    8.93   5.1  15.3  16.3  12.4   3.3  -4.5  -0.1  14.2  -0.0    4  5.4   39
ICZbCl2c              32  1  2  P21/c   10.06   5.1   3.9   5.0   4.1   4.1  -2.0   0.1   2.9  -0.0    2  3.4   40
IF12b                 34  1  2  P21/n    8.96   5.4   1.7   3.4   0.5   1.3   3.4   0.1  -0.2  -0.0    4  1.2   30
IF21a                 34  1  1  P21/c    9.36   3.5   4.9   5.1  10.0  -6.0   0.1   0.0   1.1  -0.1   75  4.4   30
indigo                30  1  2  P21/n    9.34   6.2   2.3   3.1  -1.0   3.9   3.3   0.1  -0.0   0.0    2  1.7   61
indigoCl2             30  1  2  P21/c   10.72   3.8  11.8  13.0  13.1  -9.4   4.1   0.0   4.0   0.0    6  9.6   73
naphthalene           18  1  2  P21/c    9.15   5.6   1.2   2.2   2.8   2.4   0.4  -0.1   0.1  -0.1    9  2.3   16
NDFPh                 44  1  2  P21/c    9.56   4.8   1.4   1.4   0.3   2.1   2.4   0.2   0.5   0.0   15  1.2   58
NDI                   26  2  2  P-1      9.68   7.0   5.2   5.4   0.8  -1.0   4.3  -3.4   4.0   2.6   35  2.5   40
NDT                   24  2  2  P21/c   10.75   3.2   2.2   1.8  -0.9   3.5   0.7   0.0   0.1   0.0    5  4.4   44
oligothiophene4       30  1  2  P21/a   11.55   0.9  14.7  14.8 -16.5   7.4  11.5  -0.1  -4.1  -0.1    2 16.3  100
oligothiophene6       44  1  2  P21/a   11.53  -0.1  18.0  18.0 -19.9  10.7  12.3   0.1  -1.9  -0.1    1 22.3  151
OPV3CN                42  1  2  Pbca     9.88   3.6   0.7   2.7   1.2   0.7   1.6   0.0   0.0  -0.0    5  0.6   80
PBBTZ                 30  1  1  P21/n   10.44   2.7   1.3   1.7  -0.3   0.5   2.0  -0.1  -2.3   0.1   15  4.7   88
PDI                   40  1  2  P21/n    9.35   5.2   7.0   8.8  -8.8   6.8   8.1  -0.1  -1.1   0.1    4 11.8   53
pentacene             36  2  2  P-1      8.98   5.6   4.7   6.1   0.5  -0.6   5.5   0.9  -3.9   1.8    6  6.6   40
pentaceneN2Cl4        34  1  2  P21/n   11.61   4.9   1.8   2.6   1.3   2.0   1.1   0.4  -3.9  -0.0    5  3.1   56
pentaceneN4O2         32  1  2  P21/n    9.62   4.4   1.5   1.5   1.9   2.1   0.3   0.1  -0.6   0.2   10  2.2   64
perylene              32  1  2  P21/c    8.98   4.4   1.3   2.3   2.2   0.4   2.0  -0.0   1.1  -0.0    2  1.4   24
phenazine             22  1  2  P21/n    9.50   3.8   3.2   3.2  -3.3   5.4   1.0  -0.0  -1.8   0.0    2  2.6   32
PTCDA                 38  1  2  P21/c    9.73   5.2   3.8   4.0   6.6   2.3  -3.6   0.3  -0.4  -0.4    4  4.6   62
pyrene                26  1  1  P21/a    9.43   3.3   4.8   5.2   6.6  -3.9   0.9  -0.1  -0.0  -0.0   84  3.3   25
quinacridone          36  1  2  P21/c    9.22   4.6   5.3   4.6  -3.5   6.6   1.0  -0.0  -2.6  -0.0    5  4.2   64
spirobifluorene       41  1  1  P21/c    9.92   2.8   1.9   1.8   0.0   3.1  -0.6   0.3  -1.2   0.0  204  1.1   62
stilbene              26  2  2  P21/a    9.16   4.2   1.3   1.6  -0.3   2.7   1.4  -0.0  -0.5   0.0    7  1.5   40
TCNQ                  20  1  2  C2/c    12.08   3.5   2.0   2.9  -0.6   1.2   3.0   0.2   0.3  -0.5   13  3.1   54
TCNQ-F2               20  1  4  C2/m    12.26   6.4   5.2   4.9  -4.0   7.0   2.5   0.2  -2.1  -1.3    7  0.3   62
TCNQ-F4               20  1  2  Pbca    13.13   4.8   2.1   2.0   1.9   3.7  -0.8   0.0  -0.0  -0.0    9  2.0   46
tetracene             30  2  2  P-1      9.10   5.4   2.5   3.8   2.4  -0.3   3.9   0.3  -1.3   0.7   17  3.3   33
thiazolothiazolePh    30  1  2  P21/c   10.49   2.4   3.6   4.8  -0.3   0.6   3.0   0.0   2.1  -0.1   11  1.8   80
TPP                   34  1  1  P21/c    9.89   2.1   4.7   4.9   4.0   3.9  -5.5  -0.1  -2.2   0.1   82  2.7  148
triazine               9  1  2  C2/c     9.80  10.0   6.6   8.5  12.8   4.5  -0.8  -2.0   4.7   1.6   12 13.1   16
triphenylbenzene      42  1  1  Pna21    9.33   2.9   0.9   1.4   0.1   0.5   2.3   0.0  -0.3   0.1   75  0.5   63
triphenylene          30  1  1  P212121  9.06   4.6   6.3   7.6  -6.8   9.8   2.3   0.1  -0.1   0.0  181  5.4   36
triphenyltriazine     39  1  1  P21/c    9.18   5.3   4.5   7.7   3.1  -2.0   4.2   0.2   0.0  -0.1  107  2.8   76
triptycene            34  1  1  P212121  9.57   3.5   1.9   3.1   1.3  -0.6   2.8   0.0   0.1  -0.0   83  1.2   45
TTAa                  36  1  2  P21/n   11.13   1.9   1.6   1.5  -0.3   2.2  -0.1   0.0  -1.4  -0.0    1  1.3   49
TTAb                  36  1  2  P21/n   11.14   2.3   6.4   6.9  -0.2  -5.3   8.5  -0.0   1.2  -0.1   10  3.3   51
TTF                   14  1  2  P21/c   13.52   2.6   2.3   3.1   3.1  -2.8   2.2   0.0  -0.5   0.0    1  2.8   69
TTPa                  34  1  2  P21/n   11.51   2.8   3.4   3.9   0.8  -0.9   2.9   0.0  -3.0  -0.0   10  3.1   52
TTPb                  34  2  2  P21/a   11.67   1.6   5.0   5.6   6.1  -4.3   0.9  -0.1   1.3   0.0    9  8.8   51
TTPc                  34  1  1  P21     11.76   2.8   5.7   6.4   0.9  -5.3   7.3  -0.0  -1.4   0.2   82  3.8   61
TTTT                  18  1  2  P21/n   12.57   2.9   5.2   6.1   2.9  -6.1   6.7  -0.1   0.5   0.1    2  8.0   46
