  system             na1 no ns   SG       V1    dV1   dSh   dTv   da    db    dc   dalp  dbet  dgam   dr  phi  dev
    str                #  #  #   str      Ao3    %     %     %     %     %     %    deg   deg   deg  mAo  deg  mAo
median                                         -7.1   3.5   3.6  -2.6  -2.8  -1.1  -0.0  -0.4  -0.0    7  2.8   37
mean                                           -7.1   4.8   4.9  -2.5  -3.1  -1.2  -0.2  -0.7  -0.6   37  4.2   47
standard dev                                    1.7   4.4   3.7   6.0   5.0   4.1   1.1   2.2   3.5   76  4.4   49
lower decile                                   -9.3   1.4   2.0  -6.7  -9.2  -5.1  -1.0  -3.1  -0.4    2  0.9   16
upper decile                                   -5.4  10.3   8.1   1.1   2.8   3.0   0.2   1.6   0.2  101  9.7   67
min                                           -11.0   0.0   1.5 -25.0 -18.8 -12.9  -6.7  -9.4 -25.9    1  0.2    4
max                                            -3.4  20.8  18.7  20.4   8.2  10.4   1.9   5.2   2.8  481 24.1  361
------------------------------------------------------------------------------------------------------------------
anthracene            24  1  2  P21/c    9.15  -5.9   3.0   3.1  -1.1  -6.2   1.0   0.3  -1.2   0.3    4  5.9   14
anthraquinone         24  1  2  P21/c    9.37  -7.0   4.6   3.2  -4.3  -4.0   1.3   0.8   0.3  -1.0    7  9.9   35
benzene               12  1  2  Pbca     9.25  -8.1   1.2   3.3  -3.8  -3.5  -1.0  -0.1  -0.0  -0.1    4  2.2    4
benzeneF6             12  2  1  P21/n   11.93  -3.5   6.3   7.0  -2.3   5.3  -6.2  -0.1   0.3  -0.1    6  9.7   31
benzeneO2             12  1  2  P21/c   10.17  -8.9   2.3   4.0  -3.1  -3.2  -3.4  -1.0  -3.1   0.7   13  3.5   16
benzodithiopheneO2    18  1  2  P21/n   11.50  -8.7   2.9   5.7  -2.6  -2.2  -5.0  -0.0  -3.0  -0.0    2  4.9   38
benzotrithiophene     21  1  1  P21/n   12.27  -7.6   2.3   2.7  -4.3  -1.1  -0.8   0.1   2.1  -0.1   53  1.8   33
benzotrithiopheneA    21  2  1  P21     12.00  -8.6   3.5   4.6  -6.2  -2.3  -1.0  -0.0  -2.2   0.0   47  2.7   31
bithiophene           16  1  2  P21/c   11.52  -9.2  19.4  18.7  20.4  -7.5 -12.9  -4.6   5.2 -11.5    6 15.4   29
BTBT                  24  1  2  P21/c   10.75  -7.2   6.0   6.5  -0.4   3.7 -10.9   0.1  -1.7  -0.1    2  8.0   37
C60                   60  1  6  Pa-3    11.53  -5.4   0.0   1.8  -1.8  -1.8  -1.8  -0.0  -0.0  -0.0    1  0.2   27
carbazole             22  1  2  Pnma     8.98  -6.0   1.4   2.0  -0.9  -1.1  -4.0  -0.0  -0.0  -0.4   13  0.5   18
carbazoleNO2b         24  1  1  P21/n    9.57  -8.6  13.9  12.1   7.8 -18.8   3.0   0.0  -9.4   0.0  199  9.9   59
chrysene              30  1  2  C12/n1   9.18  -6.5   7.8   7.1  -0.2 -13.8   7.9   0.0  -5.2  -0.0   32  5.6   16
coronene              36  1  2  P21/n    9.43  -7.1   2.6   2.1  -0.2  -6.4  -0.8   0.0  -0.3   0.0    3  0.8   18
DATT                  48  1  1  P21      9.82  -6.4   4.0   2.8  -1.4  -5.8   0.7   0.8  -0.7  -0.1   63  3.1   58
DBTTF                 26  1  2  P21/c   11.59  -9.0   4.3   3.6   0.7  -9.1  -1.8  -0.2  -1.7  -0.0    6  4.3   66
dibenzoindigo         42  1  2  P21/n    9.34  -6.5   3.3   1.8  -5.3  -0.4  -0.9  -0.1  -0.6   0.0   23  1.7   56
DNBDT                 42  1  2  P21/n    9.79  -7.6   3.9   2.0   0.1  -7.9   0.0   0.2  -0.6   0.2    5  2.1   37
DNTT                  36  1  1  P21     10.21  -5.7   6.8   6.0  -6.7   0.1   1.7  -6.7   0.8  -0.8  481  3.3   69
hexacene              42  2  2  P-1      8.88  -5.6   2.0   2.0  -3.3  -2.3  -0.3  -1.4   0.3   0.2    5  0.5   31
HMTTF                 28  1  1  P21/c    9.99  -7.1   2.8   3.5  -4.1  -4.0   0.8   0.3  -1.2  -0.3   91  1.5   68
ICZb                  32  1  2  P21/c    8.93  -4.9   2.2   2.5  -0.1  -0.5  -4.4  -0.0  -0.6  -0.1    8  2.8   20
ICZbCl2c              32  1  2  P21/c   10.06  -3.6   2.9   2.6   1.1  -0.3  -4.5  -0.1  -0.5  -0.0    7  2.6   31
IF12b                 34  1  2  P21/n    8.96  -5.7   1.3   2.5  -0.8  -2.9  -1.9   0.0   1.4  -0.0    1  0.9   17
IF21a                 34  1  1  P21/c    9.36  -6.2   4.8   4.8   5.4  -9.4  -1.5   0.0   2.8  -0.0   58  5.1   28
indigo                30  1  2  P21/n    9.34  -4.9   4.6   5.3  -7.2   1.6  -0.7   0.1  -3.0   0.1    3  2.6   42
indigoCl2             30  1  2  P21/c   10.72  -5.1  15.1  13.5  14.0 -15.7   0.6  -0.4   2.7   0.0    3 10.2   64
naphthalene           18  1  2  P21/c    9.15  -6.9   1.2   3.0  -1.7  -2.8  -3.3  -0.1  -1.1  -0.1    7  2.1    9
NDFPh                 44  1  2  P21/c    9.56  -5.5   1.4   3.0  -2.2  -2.3  -1.4  -0.0  -1.9   0.6   13  1.2   50
NDI                   26  2  2  P-1      9.68  -5.9   3.4   3.7  -1.1  -2.3  -1.5  -1.7  -3.0   2.8    3  2.3   29
NDT                   24  2  2  P21/c   10.75  -7.6   3.1   5.4  -5.3   0.2  -2.5   0.0   0.9  -0.0    4  4.9   32
oligothiophene4       30  1  2  P21/a   11.55  -9.7  18.0  16.7 -23.3   6.2  10.4  -0.5  -1.1  -0.4    3 21.1   66
oligothiophene6       44  1  2  P21/a   11.53 -10.0  20.8  18.1 -25.0   8.2  10.3  -0.7  -4.4   0.2    2 24.1  105
OPV3CN                42  1  2  Pbca     9.88 -10.4  16.6  12.3  -0.7  -3.0   3.5  -1.9  -0.5 -25.9   38  3.8  361
PBBTZ                 30  1  1  P21/n   10.44  -7.4   1.5   4.5  -3.0  -3.5  -1.3   0.1  -0.9  -0.0   97  3.6   67
PDI                   40  1  2  P21/n    9.35  -6.0   4.2   3.4  -7.7  -0.5   2.5  -0.0  -3.5  -0.1    7  2.7   32
pentacene             36  2  2  P-1      8.98  -6.2   2.0   2.7  -2.6  -3.5  -0.9   1.9   0.1  -0.3    6  1.1   25
pentaceneN2Cl4        34  1  2  P21/n   11.61  -3.4   3.5   2.8  -5.8   2.3  -0.2   0.1  -4.0  -0.0    2  3.9   46
pentaceneN4O2         32  1  2  P21/n    9.62  -7.1   3.3   5.1  -4.1   1.2  -3.8  -0.0   3.3  -0.2    5  3.6   52
perylene              32  1  2  P21/c    8.98  -6.4   2.4   2.7   0.4  -4.4  -2.1   0.0   1.5  -0.0    3  1.8   13
phenazine             22  1  2  P21/n    9.50  -7.7   3.1   2.8  -4.3  -4.0   0.3   0.1  -0.2  -0.5    5  2.1   26
PTCDA                 38  1  2  P21/c    9.73  -5.7   2.5   3.4  -1.0  -1.0  -4.2  -0.7  -3.1   1.1   14  4.1   38
pyrene                26  1  1  P21/a    9.43  -7.7   4.3   4.7   1.5  -7.6  -1.9  -0.1  -1.2   0.0  124  2.9   18
quinacridone          36  1  2  P21/c    9.22  -5.7   4.1   4.9  -3.9  -2.1  -0.5   0.1  -3.2  -0.0    2  2.9   44
spirobifluorene       41  1  1  P21/c    9.92  -6.7   2.3   3.8  -3.3   0.3  -4.1   0.2  -1.5   0.1  252  1.9   57
stilbene              26  2  2  P21/a    9.16  -7.4   2.5   4.0  -4.9  -2.3  -1.2  -0.0  -1.4  -0.0    5  1.1   17
TCNQ                  20  1  2  C2/c    12.08 -11.0   9.7   7.3  -6.4  -9.5   5.5   0.0   1.6   0.2   11  8.5   37
TCNQ-F2               20  1  4  C2/m    12.26  -7.2   3.5   4.2  -4.5  -3.5   1.1  -1.1   0.5  -2.8   13  3.1   42
TCNQ-F4               20  1  2  Pbca    13.13  -8.8   3.3   5.5  -3.8   1.1  -6.2   0.0  -0.1   0.0   13  1.5   43
tetracene             30  2  2  P-1      9.10  -6.4   2.0   2.5  -3.3  -3.3  -0.4   1.0   0.4  -0.0    2  1.5   20
thiazolothiazolePh    30  1  2  P21/c   10.49  -9.1   6.0   2.7  -3.4  -6.6   0.6  -0.0  -0.3   0.0    5  2.7   63
TPP                   34  1  1  P21/c    9.89  -8.7   7.5   7.5   1.1   2.7 -12.1  -0.1  -2.7  -0.0   89  3.8  191
triazine               9  1  2  C2/c     9.80  -6.2   3.9   4.2   0.6   0.3  -7.4   0.2  -0.4  -0.0   17  6.5   16
triphenylbenzene      42  1  1  Pna21    9.33  -9.1   4.2   3.5  -9.4  -0.6   0.9   0.0   0.2  -0.4   25  2.4  130
triphenylene          30  1  1  P212121  9.06  -6.6   5.8   4.9  -9.2   5.1  -2.1   0.1   0.0   0.0  182  3.9   39
triphenyltriazine     39  1  1  P21/c    9.18  -6.7   4.6   1.5   0.4  -7.1  -0.0  -0.1   0.7   0.1  123  1.3   58
triptycene            34  1  1  P212121  9.57  -5.4   0.7   2.0  -1.4  -2.8  -1.3  -0.1  -0.1   0.0   65  0.9   24
TTAa                  36  1  2  P21/n   11.13  -7.2   3.9   5.9  -6.0   3.2  -4.2  -0.0   1.7   0.0    7  3.9   36
TTAb                  36  1  2  P21/n   11.14  -8.3   5.3   4.4  -2.8  -8.1   3.1   0.0   1.5   0.0    3  1.6   36
TTF                   14  1  2  P21/c   13.52 -10.0   3.3   2.8  -1.1  -8.0  -1.1  -0.1  -0.0   0.3    1  1.5   49
TTPa                  34  1  2  P21/n   11.51  -6.3   2.4   4.0  -3.8  -0.0  -2.6   0.0  -2.1   0.0   14  2.8   53
TTPb                  34  2  2  P21/a   11.67  -9.4   4.5   3.0   1.1  -8.4  -1.7  -0.0   0.8  -0.0    3  5.0   43
TTPc                  34  1  1  P21     11.76  -7.7   2.4   2.4  -0.7  -6.1  -1.2  -0.1  -1.1  -0.1   92  0.9   52
TTTT                  18  1  2  P21/n   12.57  -9.3   5.8   3.6   1.1 -10.9   1.1  -0.1   1.0  -0.0    1  6.7   41
