  system             na1 no ns   SG       V1    dV1   dSh   dTv   da    db    dc   dalp  dbet  dgam   dr  phi  dev
    str                #  #  #   str      Ao3    %     %     %     %     %     %    deg   deg   deg  mAo  deg  mAo
median                                         -5.5   3.3   3.2  -1.8  -2.1  -0.8   0.0  -0.6  -0.0    7  3.0   35
mean                                           -5.7   4.5   4.4  -2.3  -2.5  -0.6  -0.2  -0.7  -0.4   38  4.0   45
standard dev                                    1.7   4.1   3.5   5.4   5.0   3.8   1.0   2.1   3.4   76  4.4   49
lower decile                                   -8.3   1.5   1.8  -6.1  -8.5  -4.2  -0.9  -3.2  -0.4    2  1.0   15
upper decile                                   -3.5   7.5   7.0   1.5   3.5   3.8   0.3   1.6   0.2   94  8.5   63
min                                            -9.0   0.0   1.2 -24.8 -19.8 -11.3  -6.2 -10.4 -26.6    1  0.2    4
max                                            -2.5  20.8  18.4  14.8   8.9  11.2   1.7   3.2   3.6  489 25.1  362
------------------------------------------------------------------------------------------------------------------
anthracene            24  1  2  P21/c    9.15  -4.0   3.0   3.0  -1.1  -5.3   2.0   0.3  -1.3   0.2    3  6.2   14
anthraquinone         24  1  2  P21/c    9.37  -5.5   4.2   2.9  -3.3  -3.6   1.5   0.4   0.3  -0.6    6  9.7   29
benzene               12  1  2  Pbca     9.25  -5.9   1.8   2.9  -3.6  -3.0   0.6  -0.0  -0.0  -0.1    2  2.7    4
benzeneF6             12  2  1  P21/n   11.93  -3.0   6.4   7.0  -2.0   5.6  -6.2  -0.1   0.2  -0.1    6  9.7   31
benzeneO2             12  1  2  P21/c   10.17  -7.0   1.8   3.2  -1.7  -3.2  -2.7  -1.0  -2.1   0.7   12  5.1   20
benzodithiopheneO2    18  1  2  P21/n   11.50  -8.1   3.0   5.5  -2.2  -2.0  -4.8  -0.0  -3.1  -0.0    3  4.9   37
benzotrithiophene     21  1  1  P21/n   12.27  -6.5   1.9   2.3  -3.3  -0.6  -1.2   0.1   2.0  -0.1   58  2.0   31
benzotrithiopheneA    21  2  1  P21     12.00  -7.5   3.2   4.3  -5.6  -1.8  -1.0  -0.0  -2.2   0.0   38  2.9   28
bithiophene           16  1  2  P21/c   11.52  -7.5   2.6   3.7   0.3  -4.2  -4.1  -1.1  -0.9  -0.9    3  3.9   28
BTBT                  24  1  2  P21/c   10.75  -5.9   6.3   6.6   0.2   4.6 -10.9   0.1  -1.6  -0.1    4  8.3   35
C60                   60  1  6  Pa-3    11.53  -5.2   0.0   1.8  -1.8  -1.8  -1.8  -0.0  -0.0  -0.0    1  0.2   22
carbazole             22  1  2  Pnma     8.98  -4.2   1.3   1.2  -0.8  -0.4  -3.0   0.0   0.0  -0.2   14  0.3   19
carbazoleNO2b         24  1  1  P21/n    9.57  -7.4  15.5  13.7   8.9 -19.8   4.6  -0.0 -10.4   0.0  192 11.3   59
chrysene              30  1  2  C12/n1   9.18  -4.4   5.6   4.9   0.5 -10.4   5.6   0.0  -2.9   0.0   25  3.8   14
coronene              36  1  2  P21/n    9.43  -5.6   2.7   1.8   0.4  -5.9  -0.1   0.0  -0.1   0.0    6  0.5   17
DATT                  48  1  1  P21      9.82  -4.8   3.9   2.8  -0.8  -5.1   1.1   1.2  -0.9  -0.3   80  3.2   56
DBTTF                 26  1  2  P21/c   11.59  -7.0   5.4   5.1   1.9  -8.7  -2.3   0.2  -3.3   0.1    2  5.4   63
dibenzoindigo         42  1  2  P21/n    9.34  -5.0   2.6   1.7  -4.9  -0.4   0.2  -0.1  -1.3   0.1   19  2.4   53
DNBDT                 42  1  2  P21/n    9.79  -6.3   4.5   2.4   0.6  -8.0   1.2   0.2  -0.1   0.2    7  2.5   34
DNTT                  36  1  1  P21     10.21  -4.1   6.5   5.9  -6.6   1.2   2.1  -6.2   1.0  -0.6  489  3.1   65
hexacene              42  2  2  P-1      8.88  -3.7   1.4   1.6  -2.2  -1.2  -0.5  -1.2   0.7   0.3    4  0.7   31
HMTTF                 28  1  1  P21/c    9.99  -5.8   2.7   3.1  -3.7  -3.4   1.1   0.3  -1.2  -0.3   91  1.5   66
ICZb                  32  1  2  P21/c    8.93  -3.3   1.6   1.9  -0.2  -0.2  -3.1   0.0  -0.9  -0.1    4  2.3   17
ICZbCl2c              32  1  2  P21/c   10.06  -2.6   2.5   2.3   1.0   0.3  -4.0  -0.0  -0.7  -0.1    7  2.5   28
IF12b                 34  1  2  P21/n    8.96  -3.8   1.6   2.2  -0.8  -1.4  -1.5   0.0   1.9   0.0    1  1.3   14
IF21a                 34  1  1  P21/c    9.36  -4.1   4.7   4.7   6.1  -8.5  -1.1   0.0   2.8   0.0   89  5.3   28
indigo                30  1  2  P21/n    9.34  -3.3   4.7   5.2  -6.0   2.8  -1.8   0.2  -3.7   0.1    3  3.0   38
indigoCl2             30  1  2  P21/c   10.72  -4.3  15.7  14.4  14.8 -16.1   1.5  -0.3   3.2  -0.0    2 10.6   56
naphthalene           18  1  2  P21/c    9.15  -4.8   1.1   2.2  -1.0  -2.1  -2.5  -0.3  -1.0  -0.1    8  1.7    9
NDFPh                 44  1  2  P21/c    9.56  -3.5   1.4   2.2  -1.5  -1.5  -1.0   0.1  -1.9   0.7   14  1.0   52
NDI                   26  2  2  P-1      9.68  -4.4   4.3   4.4  -1.5  -3.0   0.8  -2.6  -2.5   3.6    6  2.4   27
NDT                   24  2  2  P21/c   10.75  -6.2   3.6   5.4  -5.3   1.0  -1.8   0.1   1.1  -0.0    4  5.2   32
oligothiophene4       30  1  2  P21/a   11.55  -8.2  18.5  17.2 -23.4   7.5  11.2  -0.4  -0.6  -0.3    2 23.2   63
oligothiophene6       44  1  2  P21/a   11.53  -8.7  20.8  18.4 -24.8   8.9  10.8  -0.7  -4.5   0.1    2 25.1   97
OPV3CN                42  1  2  Pbca     9.88  -8.7  16.2  12.7  -0.2  -1.2   3.7  -2.3  -0.6 -26.6   28  3.4  362
PBBTZ                 30  1  1  P21/n   10.44  -6.3   1.5   3.8  -3.2  -2.9  -0.6   0.1  -1.1  -0.0   81  3.6   63
PDI                   40  1  2  P21/n    9.35  -5.0   4.3   3.3  -7.4   0.5   2.3  -0.0  -3.7  -0.1    6  3.0   30
pentacene             36  2  2  P-1      8.98  -4.3   1.6   2.1  -1.7  -2.3  -0.9   1.7   0.4  -0.5    5  1.0   24
pentaceneN2Cl4        34  1  2  P21/n   11.61  -2.5   3.7   3.2  -5.6   3.0   0.0   0.1  -4.5  -0.0    4  3.8   52
pentaceneN4O2         32  1  2  P21/n    9.62  -5.9   3.2   4.7  -3.7   1.6  -3.5  -0.2   3.0  -0.1   12  3.5   51
perylene              32  1  2  P21/c    8.98  -4.8   2.5   2.4   0.9  -4.3  -1.1   0.0   1.6  -0.1    4  1.5   12
phenazine             22  1  2  P21/n    9.50  -6.2   3.3   2.7  -3.9  -3.6   1.0   0.1  -0.4  -0.4    3  2.7   24
PTCDA                 38  1  2  P21/c    9.73  -4.7   2.2   3.0  -0.7  -0.8  -3.6  -0.6  -3.1   0.9   11  4.3   37
pyrene                26  1  1  P21/a    9.43  -5.9   2.9   3.4   0.3  -5.5  -0.9   0.3  -1.4   0.1  113  2.1   16
quinacridone          36  1  2  P21/c    9.22  -4.0   3.5   4.1  -3.6  -0.9  -0.0   0.1  -2.3  -0.0    3  3.5   44
spirobifluorene       41  1  1  P21/c    9.92  -4.8   2.1   3.1  -2.5   0.7  -3.3   0.3  -1.4   0.2  248  1.6   49
stilbene              26  2  2  P21/a    9.16  -5.4   2.0   3.2  -3.9  -1.3  -1.2  -0.0  -1.2  -0.0    4  1.1   17
TCNQ                  20  1  2  C2/c    12.08  -9.0   7.7   5.9  -5.1  -7.7   4.3   0.1   1.4  -0.1    3  6.8   34
TCNQ-F2               20  1  4  C2/m    12.26  -5.7   2.9   3.4  -3.4  -2.8   1.0  -0.9   0.8  -2.2   12  2.8   42
TCNQ-F4               20  1  2  Pbca    13.13  -7.8   3.3   5.1  -3.2   1.2  -5.9   0.0  -0.1  -0.0   15  1.4   43
tetracene             30  2  2  P-1      9.10  -4.5   1.8   2.0  -2.3  -2.8  -0.1   1.2   0.3  -0.1    8  1.4   19
thiazolothiazolePh    30  1  2  P21/c   10.49  -8.0   5.8   2.8  -2.6  -6.5   0.9  -0.0  -0.3   0.0    4  3.0   62
TPP                   34  1  1  P21/c    9.89  -6.9   7.5   7.3   1.5   3.5 -11.3  -0.1  -3.1   0.0   82  3.4  193
triazine               9  1  2  C2/c     9.80  -5.0   3.9   4.1   0.6   0.9  -7.1   0.1  -0.7  -0.0   27  6.0   15
triphenylbenzene      42  1  1  Pna21    9.33  -7.1   3.7   3.0  -8.1  -0.3   1.4   0.1   0.1  -0.3   25  1.9  119
triphenylene          30  1  1  P212121  9.06  -4.8   6.1   5.4  -9.0   6.2  -1.6   0.1  -0.0  -0.0  184  4.0   37
triphenyltriazine     39  1  1  P21/c    9.18  -5.1   4.4   1.7   1.5  -6.9   0.4   0.1   0.4   0.0  144  1.0   62
triptycene            34  1  1  P212121  9.57  -3.5   0.6   1.2  -0.7  -2.1  -0.8  -0.0   0.0  -0.1   70  1.1   19
TTAa                  36  1  2  P21/n   11.13  -6.2   3.9   5.6  -5.5   3.6  -4.1  -0.1   1.8   0.0    9  3.9   32
TTAb                  36  1  2  P21/n   11.14  -7.1   6.1   5.1  -2.7  -8.5   4.6   0.0   1.4   0.0    4  2.1   35
TTF                   14  1  2  P21/c   13.52  -8.9   3.3   2.6  -0.4  -7.8  -0.9  -0.1  -0.2   0.2    1  1.2   49
TTPa                  34  1  2  P21/n   11.51  -5.3   1.9   2.2  -2.8  -2.6   0.0   0.0  -0.6  -0.0   33  1.4   43
TTPb                  34  2  2  P21/a   11.67  -8.4   4.8   3.0   1.8  -8.3  -1.4   0.0   0.9   0.0    4  4.7   38
TTPc                  34  1  1  P21     11.76  -6.8   2.4   2.2  -0.6  -5.7  -0.8  -0.0  -1.1  -0.1   86  0.8   47
TTTT                  18  1  2  P21/n   12.57  -8.5   6.0   3.9   1.4 -10.9   1.8  -0.1   1.3  -0.0    2  6.6   37
