  system             na1 no ns   SG       V1    dV1   dSh   dTv   da    db    dc   dalp  dbet  dgam   dr  phi  dev
    str                #  #  #   str      Ao3    %     %     %     %     %     %    deg   deg   deg  mAo  deg  mAo
median                                          2.2   0.7   1.1   0.7   0.7   0.9   0.0   0.0   0.0    0  0.8   16
mean                                            2.5   0.8   1.2   0.8   0.8   0.9   0.0   0.0  -0.0    5  0.9   16
standard dev                                    1.5   0.5   0.7   0.8   1.1   0.7   0.2   0.6   0.1   10  0.6    5
lower decile                                    1.3   0.3   0.6   0.0  -0.3   0.2   0.0  -0.7   0.0    0  0.2   10
upper decile                                    4.0   1.4   1.9   1.6   1.8   1.8   0.0   0.8   0.0   20  1.6   23
min                                            -0.1   0.0   0.4  -1.0  -1.0  -0.6  -0.6  -2.1  -0.5    0  0.0    5
max                                            11.2   2.3   4.5   3.6   6.6   4.2   1.0   1.9   0.3   51  2.5   28
------------------------------------------------------------------------------------------------------------------
anthracene            24  1  2  P21/c    9.15   2.5   0.7   1.3   1.1  -0.1   1.6   0.0   0.2   0.0    0  1.3   10
anthraquinone         24  1  2  P21/c    9.37   3.2   0.6   1.8   0.5   1.2   1.5   0.0   0.1   0.0    0  0.9   12
benzene               12  1  2  Pbca     9.25   3.2   0.7   1.3  -0.0   1.4   1.8   0.0   0.0   0.0    0  1.5    5
benzeneF6             12  2  1  P21/n   11.93  11.2   1.9   4.5   1.7   6.6   2.6   0.0   0.2   0.0    0  2.5   13
benzeneO2             12  1  2  P21/c   10.17   5.2   2.3   2.9   2.3  -1.0   4.2   0.0   0.9   0.0    0  2.1   10
benzodithiopheneO2    18  1  2  P21/n   11.50   2.7   1.8   2.3   1.1  -0.5   1.7   0.0  -2.1   0.0    0  2.3   11
benzotrithiophene     21  1  1  P21/n   12.27   1.4   1.4   1.4   0.2  -1.0   1.8   0.0  -0.6   0.0   30  1.4   12
benzotrithiopheneA    21  2  1  P21     12.00   0.9   0.2   0.4   0.3   0.4   0.4   0.0   0.2   0.0   20  0.6   12
bithiophene           16  1  2  P21/c   11.52   1.7   0.8   1.2   1.0  -0.4   1.3   0.0   0.5   0.0    0  1.5    9
BODIPY                21  1  1  C2/c     9.50   4.9   1.3   1.6   2.0   2.8   0.2   0.0   0.0   0.0   28  1.6   12
BTBT                  24  1  2  P21/c   10.75   1.5   0.4   0.8   0.8   0.7  -0.0   0.0   0.0   0.0    0  0.3   12
C60                   60  1  6  Pa-3    11.53   1.5   0.0   0.5   0.5   0.5   0.5   0.0   0.0   0.0    0  0.0   15
carbazole             22  1  2  Pnma     8.98   2.6   0.2   1.0   1.2   0.7   0.6   0.0   0.0   0.0   18  1.1   11
carbazoleNO2b         24  1  1  P21/n    9.57   4.0   0.6   1.4   1.4   1.6   0.9   0.0  -0.5   0.0   51  0.8   13
chrysene              30  1  2  C12/n1   9.18   2.2   0.4   1.3   0.9   0.1   1.1   0.0  -0.1   0.0    0  0.3   11
coronene              36  1  2  P21/n    9.43   1.5   0.8   0.6   0.6   1.2  -0.3   0.0   0.1   0.0    0  0.3   12
DATT                  48  1  1  P21      9.82   1.7   0.4   0.8   0.0   1.2   0.4   0.0   0.4   0.0    7  0.7   23
DBTTF                 26  1  2  P21/c   11.59   0.8   0.1   0.4   0.2   0.2   0.3   0.0  -0.1   0.0    0  0.2   15
dibenzoindigo         42  1  2  P21/n    9.34   2.7   2.1   0.9   1.6  -0.3   1.3   0.0  -0.8   0.0    0  1.3   24
DNBDT                 42  1  2  P21/n    9.79   1.6   0.3   0.7   0.2   0.8   0.6   0.0   0.1   0.0    0  0.3   19
DNTT                  36  1  1  P21     10.21   1.8   0.4   0.9  -0.2   1.3   0.6   0.0  -0.2   0.0   10  0.7   18
hexacene              42  2  2  P-1      8.88   2.0   1.0   1.2   0.6   1.4   0.3   0.7   1.0   0.3    0  1.6   18
HMTTF                 28  1  1  P21/c    9.99   1.9   0.3   0.7   0.7   0.3   0.9   0.0   0.2   0.0   15  0.5   15
ICZb                  32  1  2  P21/c    8.93   2.6   1.1   1.8   1.6  -0.2   1.3   0.0   0.9   0.0    0  1.8   16
ICZbCl2c              32  1  2  P21/c   10.06   2.8   0.9   1.4   0.7  -0.0   2.2   0.0   0.6   0.0    0  1.7   17
IF12b                 34  1  2  P21/n    8.96   2.3   0.7   0.7   1.0   1.2   0.1   0.0  -0.3   0.0    0  0.1   15
IF21a                 34  1  1  P21/c    9.36   2.3   1.1   1.8  -1.0   2.1   1.2   0.0  -0.1   0.0   12  1.1   19
indigo                30  1  2  P21/n    9.34   2.6   0.6   1.2   1.6   0.4   0.7   0.0   0.3   0.0    0  0.4   19
indigoCl2             30  1  2  P21/c   10.72   2.7   1.1   1.9   1.3   0.4   1.5   0.0   0.9   0.0    0  1.6   22
naphthalene           18  1  2  P21/c    9.15   2.9   0.6   1.4   1.6   0.3   1.2   0.0   0.3   0.0    0  1.0    8
NDFPh                 44  1  2  P21/c    9.56   3.1   0.6   1.3   0.9   2.1   0.1   0.0  -0.1   0.0    0  0.7   24
NDI                   26  2  2  P-1      9.68   4.0   1.5   2.1  -0.3   1.8   2.1   1.0   1.0  -0.5    0  1.5   18
NDT                   24  2  2  P21/c   10.75   1.6   0.7   0.6  -0.1   0.8   0.9   0.0   0.2   0.0    0  0.6   11
oligothiophene4       30  1  2  P21/a   11.55   1.6   0.7   1.1   0.8  -0.2   0.8   0.0  -0.7   0.0    0  1.0   17
oligothiophene6       44  1  2  P21/a   11.53   1.5   0.8   1.3   0.9  -0.2   1.0   0.0   0.6   0.0    0  1.1   25
OPV3CN                42  1  2  Pbca     9.88   2.5   0.5   1.9   0.4   1.0   1.1   0.0   0.0   0.0    0  0.7   26
PBBTZ                 30  1  1  P21/n   10.44   1.3   0.4   0.4   1.0   0.2  -0.0   0.0  -0.1   0.0   12  0.2   16
PDI                   40  1  2  P21/n    9.35   3.2   0.7   1.8   0.1   1.7   1.4   0.0   0.5   0.0    0  1.1   23
pentacene             36  2  2  P-1      8.98   2.1   0.8   1.1   0.5   1.4   0.4  -0.5   0.7  -0.2    0  1.4   16
pentaceneN2Cl4        34  1  2  P21/n   11.61   2.3   0.8   1.1   1.6  -0.3   1.0   0.0  -0.1   0.0    0  0.7   16
pentaceneN4O2         32  1  2  P21/n    9.62   3.1   0.7   1.3   1.6   0.6   0.9   0.0  -1.4   0.0    0  1.1   19
perylene              32  1  2  P21/c    8.98   2.0   1.0   1.5   1.1  -0.4   1.6   0.0   0.6   0.0    0  0.6   10
phenazine             22  1  2  P21/n    9.50   2.6   1.4   1.8  -0.9   1.8   1.4   0.0  -1.0   0.0    0  1.1   10
PTCDA                 38  1  2  P21/c    9.73   3.7   0.4   1.6   1.5   1.1   1.2   0.0   0.9   0.0    0  0.4   22
pyrene                26  1  1  P21/a    9.43   1.8   0.5   0.9   1.1  -0.1   0.8   0.0   0.2   0.0   20  0.8   10
quinacridone          36  1  2  P21/c    9.22   2.8   0.4   1.0   0.6   1.3   0.9   0.0   0.3   0.0    0  1.2   17
spirobidibenzosilole  41  1  2  P41212  10.25   1.8   0.5   0.5   0.8   0.8   0.2   0.0   0.0   0.0   27  0.4   25
spirobifluorene       41  1  1  P21/c    9.92   1.9   0.3   0.8   0.5   0.5   0.9   0.0  -0.2   0.0    6  0.3   13
stilbene              26  2  2  P21/a    9.16   2.3   0.6   1.0   0.1   1.0   1.0   0.0  -0.3   0.0    0  0.4   14
TCNQ                  20  1  2  C2/c    12.08   2.8   0.6   0.9   0.5   1.6   0.6   0.0  -0.4   0.0    0  0.7   18
TCNQ-F2               20  1  4  C2/m    12.26   4.7   1.3   1.6   0.6   3.5   0.4   0.0  -0.3   0.0    0  0.2   18
TCNQ-F4               20  1  2  Pbca    13.13   5.9   1.2   1.9   3.0   2.1   0.7   0.0   0.0   0.0    0  0.9   19
tetracene             30  2  2  P-1      9.10   2.2   0.8   1.1   0.1   1.5   0.5  -0.6   0.5  -0.1    0  1.2   13
thiazolothiazolePh    30  1  2  P21/c   10.49   2.0   0.7   0.7   1.0   0.5   0.3   0.0  -0.7   0.0    0  1.0   18
TPP                   34  1  1  P21/c    9.89   1.8   0.5   0.9   0.3   1.2   0.3   0.0   0.0   0.0   22  0.7   28
triazine               9  1  2  C2/c     9.80   4.1   1.8   2.7   3.6   0.9   1.9   0.0   1.9   0.0    5  1.5    6
triphenylbenzene      42  1  1  Pna21    9.33   2.3   0.4   0.7   1.2   0.4   0.6   0.0   0.0   0.0    6  0.2   22
triphenylene          30  1  1  P212121  9.06   2.2   0.6   0.9   0.7   1.3   0.2   0.0   0.0   0.0   13  0.3   11
triphenyltriazine     39  1  1  P21/c    9.18   2.7   0.6   1.1   0.6   1.5   0.6   0.0   0.1   0.0    9  0.2   17
triptycene            34  1  1  P212121  9.57   2.1   0.2   1.0   0.7   0.5   0.9   0.0   0.0   0.0    8  0.1   12
TTAa                  36  1  2  P21/n   11.13   1.3   0.7   1.0   0.7  -0.3   0.8   0.0  -0.6   0.0    0  0.7   17
TTAb                  36  1  2  P21/n   11.14   1.0   0.6   0.8   0.2  -0.2   1.0   0.0   0.2   0.0    0  0.4   16
TTF                   14  1  2  P21/c   13.52  -0.1   0.6   0.6   0.0   0.5  -0.6   0.0   0.2   0.0    0  0.9    8
TTPa                  34  1  2  P21/n   11.51   1.4   0.9   1.1   0.7  -0.1   0.7   0.0  -0.8   0.0    0  0.8   16
TTPb                  34  2  2  P21/a   11.67   1.3   0.4   0.4   0.1   0.9   0.3   0.0  -0.2   0.0    0  0.6   17
TTPc                  34  1  1  P21     11.76   1.4   0.9   1.2   0.4  -0.5   1.4   0.0  -0.3   0.0    6  0.8   18
TTTT                  18  1  2  P21/n   12.57   1.0   0.3   0.6   0.3   0.2   0.6   0.0   0.2   0.0    0  0.2   11
