  system             na1 no ns   SG       V1    dV1   dSh   dTv   da    db    dc   dalp  dbet  dgam   dr  phi  dev
    str                #  #  #   str      Ao3    %     %     %     %     %     %    deg   deg   deg  mAo  deg  mAo
median                                          3.4   2.9   3.2   0.8   1.2   1.6   0.0  -0.2  -0.0    9  2.9   45
mean                                            3.2   4.3   4.8   1.0   0.6   2.0   0.0  -0.7   0.1   27  4.7   49
standard dev                                    1.9   4.6   4.5   5.7   5.5   4.3   0.7   2.9   0.6   43  5.3   25
lower decile                                    0.6   0.8   1.4  -2.5  -5.0  -1.6  -0.2  -3.7  -0.2    2  0.7   22
upper decile                                    5.4   8.3   8.8   5.9   5.9   7.1   0.3   1.8   0.3   79 10.7   78
min                                            -1.1   0.0   0.8 -20.8 -21.1 -12.9  -3.5 -13.4  -1.9    1  0.1    7
max                                             8.6  21.2  21.2  19.7  10.8  15.5   3.0   4.6   3.8  236 25.7  148
------------------------------------------------------------------------------------------------------------------
anthracene            24  1  2  P21/c    9.15   4.5   0.6   1.5   1.5   2.1   0.7   0.2  -0.2  -0.2    2  1.5   22
anthraquinone         24  1  2  P21/c    9.37   4.9   2.1   2.7  -1.3   4.8   1.8  -0.2   0.8   0.3    5  8.5   33
benzene               12  1  2  Pbca     9.25   5.0   0.7   1.6   2.0   0.7   2.1  -0.1  -0.0   0.0    5  1.0    7
benzeneF6             12  2  1  P21/n   11.93   6.2   6.5   6.0   0.1   9.6  -3.1  -0.2   1.0  -0.1   12 10.3   32
benzeneO2             12  1  2  P21/c   10.17   2.7   4.1   4.3  -1.6  -2.1   6.5   0.3  -0.5  -0.4    7  4.6   20
benzodithiopheneO2    18  1  2  P21/n   11.50   0.2   3.0   3.0  -2.0   2.3  -0.9  -0.0  -3.7   0.0    4  4.3   47
benzotrithiophene     21  1  1  P21/n   12.27   2.3   2.3   2.7  -2.0   2.1   3.1  -0.1   1.1  -0.1   63  1.8   38
benzotrithiopheneA    21  2  1  P21     12.00   1.5   2.5   2.3  -2.2   3.9  -0.6  -0.1  -1.3   0.0   28  3.5   34
bithiophene           16  1  2  P21/c   11.52  -0.1  15.5  15.5  19.7  -1.8 -12.9  -0.1   4.1  -0.1    2 14.3   39
BTBT                  24  1  2  P21/c   10.75   2.9   4.5   4.5   1.5   6.3  -5.4  -0.1  -1.9   0.1    5  6.4   41
C60                   60  1  6  Pa-3    11.53   2.4   0.0   0.8   0.8   0.8   0.8   0.0   0.0   0.0    1  0.1   31
carbazole             22  1  2  Pnma     8.98   4.7   0.9   1.8   2.5   1.1   1.0  -0.0   0.0   0.6   15  1.0   24
carbazoleNO2b         24  1  1  P21/n    9.57   2.1  20.1  20.7  11.8 -19.8  12.6   0.1 -13.4  -0.0  102 16.9   59
chrysene              30  1  2  C12/n1   9.18   4.8   0.9   2.5   1.7   0.4   2.4   0.0  -1.0   0.0   16  0.6   27
coronene              36  1  2  P21/n    9.43  -0.1  21.2  21.2   5.3 -21.1  15.5  -0.0 -12.3   0.1    3 25.7   28
DATT                  48  1  1  P21      9.82   3.9   2.3   3.4   3.1  -1.7   2.4   0.4  -1.9  -0.1   59  3.8   69
DBTTF                 26  1  2  P21/c   11.59   1.1   4.2   4.6   5.1  -5.2   1.4  -0.2  -0.2  -0.0    2  6.1   86
dibenzoindigo         42  1  2  P21/n    9.34   3.9   1.9   2.3   0.2   0.8   2.8   0.2  -3.8   0.1   37  4.4   75
DNBDT                 42  1  2  P21/n    9.79   2.0   4.2   4.9   1.3  -3.4   4.4   0.1   0.5   0.1    2  3.1   54
DNTT                  36  1  1  P21     10.21   3.6   3.7   4.4   4.1  -2.9   2.8   3.0   1.8   0.3   74  5.6   55
hexacene              42  2  2  P-1      8.88   5.5   5.1   6.7  -1.6   1.2   5.7   0.2  -4.2  -1.9   19  6.3   44
HMTTF                 28  1  1  P21/c    9.99   2.6   1.3   1.9  -0.8   0.9   2.4   0.2  -0.3  -0.2   68  1.8   87
ICZb                  32  1  2  P21/c    8.93   5.0   2.0   2.7   1.9   4.3  -1.0  -0.1   1.2  -0.0    7  3.1   26
ICZbCl2c              32  1  2  P21/c   10.06   4.4   4.0   5.0   4.2   3.0  -1.6   0.0   3.1   0.0    1  3.0   37
IF12b                 34  1  2  P21/n    8.96   4.9   0.4   2.0   1.0   2.0   1.8   0.1  -0.0  -0.1    9  1.2   26
IF21a                 34  1  1  P21/c    9.36   3.6   4.6   4.7   9.1  -5.0   0.1   0.1   1.8  -0.0   79  4.6   30
indigo                30  1  2  P21/n    9.34   5.6   2.4   2.8  -1.5   4.4   2.3   0.1  -0.7   0.1    2  1.9   56
indigoCl2             30  1  2  P21/c   10.72   2.9  12.6  13.6  13.7 -10.4   3.9   0.0   4.1   0.0    4  9.7   69
naphthalene           18  1  2  P21/c    9.15   4.8   0.8   1.7   2.1   2.0   0.5   0.1  -0.1  -0.1   10  2.1   14
NDFPh                 44  1  2  P21/c    9.56   4.7   1.4   1.4   0.3   2.1   2.2   0.4   0.1   0.2   14  0.7   51
NDI                   26  2  2  P-1      9.68   6.6   6.3   6.6  -1.0  -1.9   7.0  -3.5   2.9   3.8   33  3.4   38
NDT                   24  2  2  P21/c   10.75   2.3   3.2   2.8  -2.3   3.9   0.8   0.0   0.4   0.0    5  4.9   41
oligothiophene4       30  1  2  P21/a   11.55  -0.3  15.4  15.4 -17.6   7.3  11.7  -0.2  -4.1  -0.4    3 17.1   90
oligothiophene6       44  1  2  P21/a   11.53  -1.1  18.7  18.4 -20.8  10.7  12.4   0.3  -2.3  -0.4    2 23.3  137
OPV3CN                42  1  2  Pbca     9.88   2.9   0.9   2.4   1.5  -0.0   1.4  -0.0   0.0  -0.0   10  0.5   67
PBBTZ                 30  1  1  P21/n   10.44   1.9   1.0   1.3  -0.5   0.4   1.6  -0.1  -1.8   0.1   22  3.7   81
PDI                   40  1  2  P21/n    9.35   4.3   6.5   7.9  -8.3   5.8   7.6  -0.1  -1.2  -0.0    7  9.9   49
pentacene             36  2  2  P-1      8.98   4.9   4.4   5.5  -0.2  -0.1   5.0   1.1  -3.7   1.5   20  5.9   37
pentaceneN2Cl4        34  1  2  P21/n   11.61   4.1   1.8   2.6   0.5   2.1   1.0   0.4  -3.8  -0.0    5  2.9   53
pentaceneN4O2         32  1  2  P21/n    9.62   3.8   2.0   1.4   2.1   2.0  -0.3  -0.1  -0.1   0.0    7  1.4   60
perylene              32  1  2  P21/c    8.98   4.0   0.4   1.5   1.6   1.2   1.3  -0.0   0.4  -0.1    8  1.5   22
phenazine             22  1  2  P21/n    9.50   3.2   2.9   3.0  -3.2   4.8   1.1   0.0  -1.5  -0.0    4  2.6   31
PTCDA                 38  1  2  P21/c    9.73   4.7   4.1   3.8   7.6   1.4  -4.2   0.2  -1.2  -0.2    7  5.3   54
pyrene                26  1  1  P21/a    9.43   3.0   4.0   4.4   5.5  -3.2   0.7   0.1  -0.4  -0.0   78  2.6   22
quinacridone          36  1  2  P21/c    9.22   5.3   7.6   6.5  -5.8  10.8   0.4  -0.2  -2.5  -0.0    2  8.1   66
spirobifluorene       41  1  1  P21/c    9.92   2.8   2.0   2.0  -0.1   3.1  -0.5   0.6  -1.5   0.1  236  1.1   58
stilbene              26  2  2  P21/a    9.16   3.4   1.2   1.3  -0.3   2.3   1.1   0.0  -0.6   0.0   11  1.1   34
TCNQ                  20  1  2  C2/c    12.08   2.9   0.8   1.0   0.3   2.1   0.5  -0.0   0.3   0.2    8  0.9   49
TCNQ-F2               20  1  4  C2/m    12.26   5.6   3.5   3.3  -2.4   5.3   2.1   0.2  -1.1  -0.6   12  0.3   57
TCNQ-F4               20  1  2  Pbca    13.13   3.5   2.7   2.5   0.8   4.4  -1.7   0.0  -0.1  -0.0   10  1.7   45
tetracene             30  2  2  P-1      9.10   4.6   1.9   3.2   1.5   0.2   3.3   0.3  -1.0   0.5    2  2.7   30
thiazolothiazolePh    30  1  2  P21/c   10.49   1.2   4.3   4.9  -0.7  -0.5   3.1   0.0   1.5  -0.0    9  1.6   78
TPP                   34  1  1  P21/c    9.89   1.6   5.0   5.1   3.5   4.2  -5.8  -0.1  -2.4  -0.0   79  2.5  148
triazine               9  1  2  C2/c     9.80   8.6   6.5   8.1  12.2   4.2  -1.5  -1.9   4.6   1.5   12 13.1   16
triphenylbenzene      42  1  1  Pna21    9.33   2.6   0.9   1.3  -0.1   0.6   2.2   0.0  -0.2   0.2   62  0.3   50
triphenylene          30  1  1  P212121  9.06   4.1   5.8   6.8  -5.8   9.0   1.5   0.1  -0.1   0.1  170  4.7   38
triphenyltriazine     39  1  1  P21/c    9.18   4.7   1.7   4.6   3.2  -0.8   2.3   0.0   0.2  -0.1  107  0.4   67
triptycene            34  1  1  P212121  9.57   3.6   1.1   2.3   1.6  -0.2   2.1   0.1   0.1   0.0   66  1.2   31
TTAa                  36  1  2  P21/n   11.13   1.4   1.9   1.7  -0.6   2.5  -0.5  -0.0  -1.5  -0.0    2  1.4   45
TTAb                  36  1  2  P21/n   11.14   1.4   6.2   6.5  -0.9  -5.0   8.0  -0.0   1.0  -0.1    8  2.9   49
TTF                   14  1  2  P21/c   13.52   0.5   2.5   2.7   2.5  -3.8   1.7   0.0  -0.6  -0.0    7  2.3   66
TTPa                  34  1  2  P21/n   11.51   2.2   1.7   1.5  -0.1   2.3  -0.1   0.0  -1.4  -0.0    2  1.2   51
TTPb                  34  2  2  P21/a   11.67   0.6   4.9   5.1   5.6  -4.6   0.6  -0.1   1.3  -0.0   16  7.9   49
TTPc                  34  1  1  P21     11.76   2.0   3.9   4.4   0.5  -3.5   4.9   0.0  -1.2   0.1   81  2.1   58
TTTT                  18  1  2  P21/n   12.57   1.1   5.4   5.8   2.8  -7.0   6.1  -0.1   0.9   0.0    2  7.9   45
