  system             na1 no ns   SG       V1    dV1   dSh   dTv   da    db    dc   dalp  dbet  dgam   dr  phi  dev
    str                #  #  #   str      Ao3    %     %     %     %     %     %    deg   deg   deg  mAo  deg  mAo
median                                         -5.1   4.4   4.3  -1.7  -3.0  -0.4  -0.0  -0.0  -0.0    8  3.9   37
mean                                           -5.1   5.1   5.1  -1.1  -2.7  -0.8  -0.2  -0.6   0.1   54  5.0   49
standard dev                                    2.7   3.1   3.1   5.2   5.3   4.3   1.0   3.9   0.8  106  5.0   48
lower decile                                   -7.9   2.3   2.0  -7.0  -8.0  -6.3  -0.9  -3.8  -0.5    2  1.2   18
upper decile                                   -1.6  10.0   9.5   5.8   4.3   3.7   0.1   3.4   0.3  165 10.9   74
min                                           -16.7   0.0   0.7 -13.2 -19.4 -13.5  -5.2 -22.0  -1.2    0  0.0    4
max                                            -0.4  15.8  17.7  14.9   9.5  10.6   3.6   8.3   4.1  561 30.6  359
------------------------------------------------------------------------------------------------------------------
anthracene            24  1  2  P21/c    9.15  -1.6   5.9   5.6   5.8  -7.8   1.6  -0.0   1.7  -0.0    3  7.9   16
anthraquinone         24  1  2  P21/c    9.37  -5.4   4.2   5.3  -5.3   3.8  -2.1   0.5   3.6  -0.7    4 14.1   31
benzene               12  1  2  Pbca     9.25  -1.6   3.0   3.1  -4.2  -1.1   3.8   0.0   0.1   0.0    3  6.1    4
benzeneF6             12  2  1  P21/n   11.93  -3.9   6.7   7.4  -4.0   6.8  -6.2  -0.0   0.5  -0.1    4 11.3   30
benzeneO2             12  1  2  P21/c   10.17  -9.5   2.6   4.3  -4.5  -3.5  -2.5  -1.0  -3.4   0.5   24  2.8   15
benzodithiopheneO2    18  1  2  P21/n   11.50  -8.1   2.5   4.9  -4.4  -0.2  -4.2  -0.0  -2.2  -0.0    2  4.0   37
benzotrithiophene     21  1  1  P21/n   12.27  -6.0  10.0   9.5 -13.2  -1.0  10.6  -0.0   1.5  -0.1  321  7.6   43
benzotrithiopheneA    21  2  1  P21     12.00  -7.3   3.9   5.6  -5.9   0.5  -3.0  -0.1  -3.3  -0.0   28  3.1   32
bithiophene           16  1  2  P21/c   11.52  -6.6  11.4  10.7  12.7 -13.9  -1.4  -0.4   4.5  -0.5    9  9.8   32
BTBT                  24  1  2  P21/c   10.75  -4.0   6.8   7.0   0.6   6.3 -11.0   0.0  -2.1   0.0    2  8.4   39
C60                   60  1  6  Pa-3    11.53  -4.4   0.0   1.5  -1.5  -1.5  -1.5  -0.0  -0.0  -0.0    0  0.0   26
carbazole             22  1  2  Pnma     8.98  -1.6   4.5   4.2   6.4   0.8  -8.2  -0.0  -0.0   0.1   65  4.6   36
carbazoleNO2b         24  1  1  P21/n    9.57  -7.4  14.8  13.1   8.6 -19.4   4.4   0.0  -9.8  -0.1  164 10.8   65
chrysene              30  1  2  C12/n1   9.18  -3.3   5.1   4.5   1.0  -7.2   2.5   0.0  -4.4  -0.0   33  2.6   18
coronene              36  1  2  P21/n    9.43  -4.6   2.9   2.6   2.3  -5.9  -1.0  -0.0  -0.3   0.0    1  1.4   19
DATT                  48  1  1  P21      9.82  -2.8   4.5   3.9  -3.9  -0.0   1.5  -4.3   0.0   0.5  561  1.9   80
DBTTF                 26  1  2  P21/c   11.59  -7.3   4.1   3.9   0.5  -7.8  -1.8  -0.2  -2.6  -0.1    7  2.6   71
dibenzoindigo         42  1  2  P21/n    9.34  -5.2   7.3  10.1   0.7  -5.8  -0.2  -1.1  -3.1  -0.9   50  5.6   52
DNBDT                 42  1  2  P21/n    9.79  -5.7   2.7   1.4  -0.0  -5.7  -0.1   0.1  -0.5   0.1    7  0.6   40
DNTT                  36  1  1  P21     10.21  -3.0   5.5   5.0  -5.5   1.0   2.0  -5.2  -0.3  -0.3  492  2.5   67
hexacene              42  2  2  P-1      8.88  -0.4   5.4   5.3  -4.5   2.3   3.3   3.6   3.1  -0.9   18  7.0   34
HMTTF                 28  1  1  P21/c    9.99  -4.6   2.9   3.1  -3.2  -3.2   1.8   0.2  -1.3  -0.3  109  1.6   71
ICZb                  32  1  2  P21/c    8.93  -1.2   3.8   3.5   3.2  -3.6  -0.4  -0.4   1.7  -0.8   16  2.0   22
ICZbCl2c              32  1  2  P21/c   10.06  -1.2   0.6   0.7   0.0  -0.2  -1.2  -0.1  -0.3  -0.1    7  0.7   32
IF12b                 34  1  2  P21/n    8.96  -2.1   1.0   1.0   0.2  -1.9  -0.3  -0.0   0.7   0.0    7  1.2   20
IF21a                 34  1  1  P21/c    9.36  -2.6   4.4   4.3   5.5  -6.9  -0.4  -0.0   3.4   0.0   92  5.0   29
indigo                30  1  2  P21/n    9.34  -4.3   7.6   8.3  -9.2   6.6  -3.6   0.1  -5.4   0.1    2  4.6   36
indigoCl2             30  1  2  P21/c   10.72  -4.2   9.7   8.6   9.0  -9.6  -1.9  -0.2   1.2   0.0    2  7.0   62
naphthalene           18  1  2  P21/c    9.15  -1.4   5.8   5.6   6.3  -7.1   1.4  -0.1   1.9  -0.1    4  7.2   10
NDFPh                 44  1  2  P21/c    9.56  -4.2   4.4   5.5  -4.3   1.3  -1.9   0.4  -4.2   0.6   26  1.7   52
NDI                   26  2  2  P-1      9.68  -5.8   3.4   3.7  -2.3  -2.0  -0.7  -0.5  -2.8   3.5    4  2.5   29
NDT                   24  2  2  P21/c   10.75  -6.2   2.4   3.9  -3.1   1.8  -4.8   0.2   0.6   0.0    4  6.0   33
oligothiophene4       30  1  2  P21/a   11.55  -7.6   3.7   3.5  -1.7  -4.4  -0.4  -0.0   3.5   0.1   11  4.0   72
oligothiophene6       44  1  2  P21/a   11.53  -7.8   3.6   5.3  -0.4  -4.6  -3.4  -0.0  -3.8   0.1    8  4.5  101
OPV3CN                42  1  2  Pbca     9.88  -7.5  11.2   7.2  -1.7  -9.2   3.7  -1.5  -0.0  -0.6  228  5.5  359
PBBTZ                 30  1  1  P21/n   10.44  -5.6   2.9   1.4  -5.3   0.2  -0.6  -0.1  -0.2   0.1   34  2.3   80
PDI                   40  1  2  P21/n    9.35  -5.7   4.1   3.8  -6.5  -2.2   3.2   0.1  -2.7   0.0    6  1.7   34
pentacene             36  2  2  P-1      8.98  -1.7   4.6   4.2  -2.4  -1.9   3.5  -2.3   2.0   0.8   14  5.9   27
pentaceneN2Cl4        34  1  2  P21/n   11.61  -4.1  10.5  11.0   4.8   0.9  -5.5   0.1 -22.0   0.1    4 30.6   50
pentaceneN4O2         32  1  2  P21/n    9.62  -5.4  15.8  17.7  14.9  -3.0 -13.5   0.0   8.3  -0.0    1 18.8   49
perylene              32  1  2  P21/c    8.98  -2.5   5.7   5.4   4.3  -6.4   1.0   0.0   4.3   0.0    2  1.8   15
phenazine             22  1  2  P21/n    9.50  -6.3   5.1   4.7  -6.8  -2.1   1.6  -0.0  -2.9  -0.0    6  4.8   27
PTCDA                 38  1  2  P21/c    9.73  -6.7   2.6   4.1  -4.5  -3.2   0.7   0.0  -1.9  -0.0    4  3.9   39
pyrene                26  1  1  P21/a    9.43  -5.1   3.3   3.6   0.4  -6.1   0.6  -0.3  -0.8  -0.1  118  1.2   17
quinacridone          36  1  2  P21/c    9.22  -4.6   3.7   3.1  -0.8  -5.5   1.3   0.1  -2.2   0.1    4  2.4   46
spirobifluorene       41  1  1  P21/c    9.92  -3.9   1.7   2.4  -2.3   0.3  -2.2   0.2  -1.5   0.1  173  0.8   55
stilbene              26  2  2  P21/a    9.16  -3.5   8.1   7.4  -1.3  -9.9   6.7   0.1  -2.7  -0.1   12  6.8   22
TCNQ                  20  1  2  C2/c    12.08  -8.7   4.4   3.4  -3.4  -6.6   1.2   0.1  -0.1  -0.5    7  4.9   36
TCNQ-F2               20  1  4  C2/m    12.26  -7.9   2.1   3.6  -4.1  -3.5  -0.5  -0.9  -0.1  -1.2    9  1.7   45
TCNQ-F4               20  1  2  Pbca    13.13  -7.3   7.6   8.5  -8.9   9.5  -7.1  -0.0   0.1  -0.0   10  3.6   50
tetracene             30  2  2  P-1      9.10  -1.8  10.1   9.7  -9.6   4.0   8.2  -0.9  -4.3   4.1   68 15.6   23
thiazolothiazolePh    30  1  2  P21/c   10.49  -7.3   5.7   2.8  -2.5  -5.8   1.1  -0.0   0.2   0.0    4  3.5   74
TPP                   34  1  1  P21/c    9.89  -5.1   7.0   6.9   3.1   3.0 -10.6  -0.0  -3.2   0.0  128  4.4  204
triazine               9  1  2  C2/c     9.80 -16.7   6.6   7.5   3.3  -5.2  -8.5  -0.4   5.6   0.3    9 12.8   21
triphenylbenzene      42  1  1  Pna21    9.33  -5.8   4.3   3.3  -8.4   0.8   2.0   0.1  -0.1  -0.2   31  2.3   98
triphenylene          30  1  1  P212121  9.06  -3.3   5.7   5.1  -8.3   6.3  -0.8   0.1  -0.0  -0.0  204  3.1   39
triphenyltriazine     39  1  1  P21/c    9.18  -3.5   3.7   2.3   2.0  -5.6   0.3  -0.0   1.7  -0.1  121  1.3   65
triptycene            34  1  1  P212121  9.57  -3.0   1.0   1.1  -0.4  -2.4  -0.3   0.1   0.1   0.0  104  1.8   28
TTAa                  36  1  2  P21/n   11.13  -5.2   4.9   6.4  -4.4   5.4  -5.7  -0.0   1.9  -0.0    3  4.1   34
TTAb                  36  1  2  P21/n   11.14  -6.4   5.2   4.4  -2.2  -7.4   3.8   0.0   1.4   0.0    2  1.5   36
TTF                   14  1  2  P21/c   13.52  -8.5   3.2   2.3  -1.0  -7.0  -0.6  -0.1   0.0   0.1    3  2.6   54
TTPa                  34  1  2  P21/n   11.51  -3.9   4.0   5.1  -2.8   4.1  -5.0   0.0   1.1  -0.0    5  3.5   42
TTPb                  34  2  2  P21/a   11.67  -8.4   4.2   3.2   1.5  -7.5  -1.9  -0.0   0.7   0.1    7  4.8   44
TTPc                  34  1  1  P21     11.76  -6.6   2.4   2.1  -0.6  -5.7  -0.6  -0.0  -0.9  -0.1  104  0.8   49
TTTT                  18  1  2  P21/n   12.57  -7.8   5.7   3.8   1.4 -10.0   1.7   0.0   1.5  -0.0    1  5.1   41
