V0=10.11(4) Ao^3/atom, alpha(300K)=192 ppm/K, ndata=10, Tmin=90 K, Tmax=299 K
TPP, 2023-04-18
                  CCDC   SG     nm   T    V1     a       b       c     alpha   beta    gamma
R2SCAN-D3paw900          P21/c   4    0  9.894  8.327  14.659  11.025  90.00   90.94   90.00
PBE-D3paw900             P21/c   4    0 10.074  8.349  14.835  11.063  90.00   90.94   90.00
Jena22          2076607  P21/c   4   90 10.273  8.393  14.798  11.253  90.00   91.58   90.00
exp                      P21/c   4   90 10.273  8.393  14.798  11.253  90.00   91.58   90.00
1238524         1238524  P21/c   4  100 10.324  8.408  14.822  11.271  90.00   91.69   90.00
1238522         1238522  P21/a   4  200 10.479 11.329  14.915   8.440  90.00   92.12   90.00
2019939         2019939  P21/c   4  293 10.719  8.489  15.027  11.443  90.00   92.96   90.00
1238523         1238523  P21/c   4  295 10.664  8.489  15.000  11.404  90.00   92.83   90.00
1238521         1238521  P21/a   4  295 10.709 11.413  15.032   8.500  90.00   92.88   90.00
2082683         2082683  P21/c   4  296 10.790  8.516  15.056  11.459  90.00   92.82   90.00
2058664         2058664  P21/c   4  299 10.713  8.487  15.036  11.433  90.00   92.92   90.00
Kooijman98       130547  P-1     8  150 10.435 10.935  15.064  17.577  84.47   80.46   86.18
142938           142938  P-1     8  180 10.537 11.031  15.111  17.554  84.38   80.36   85.82
