V0=9.534(16) Ao^3/atom, alpha(300K)=139 ppm/K, ndata=11, Tmin=100 K, Tmax=296 K
coronene, 2023-04-18
                  CCDC   SG     nm   T    V1     a       b       c     alpha   beta    gamma
R2SCAN-D3paw900          P21/n   2    0  9.433  9.897   4.631  15.460  90.00  106.55   90.00
PBE-D3paw900             P21/n   2    0  9.573  9.961   4.685  15.413  90.00  106.61   90.00
Kataeva16       1422752  P21/n   2  100  9.661 10.009   4.665  15.544  90.00  106.58   90.00
exp                      P21/n   2  100  9.661 10.009   4.665  15.544  90.00  106.58   90.00
Chen21          2024483  P121/n1 2  101  9.682 10.014   4.662  15.576  90.00  106.53   90.00
2058481         2058481  P121/n1 2  160  9.751 10.034   4.673  15.601  90.00  106.32   90.00
2050242         2050242  P121/n1 2  160  9.748 10.033   4.670  15.616  90.00  106.43   90.00
2050241         2050241  P121/n1 2  160  9.756 10.037   4.675  15.603  90.00  106.39   90.00
2058161         2058161  P121/n1 2  160  9.768 10.033   4.672  15.642  90.00  106.43   90.00
2201069         2201069  P121/n1 2  293  9.936 10.098   4.696  15.698  90.00  106.07   90.00
1129883         1129883  P21/a   2  295  9.934 16.119   4.702  10.102  90.00  110.90   90.00
1129884         1129884  P21/a   2  295  9.962 16.100   4.695  10.150  90.00  110.80   90.00
1129885         1129885  P21/n   2  295  9.969 10.122   4.694  15.718  90.00  106.02   90.00
2141417         2141417  P21/n   2  296  9.903 10.088   4.697  15.655  90.00  106.02   90.00
