V0=9.62(4) Ao^3/atom, alpha(300K)=136 ppm/K, ndata=25, Tmin=103 K, Tmax=298 K
anthraquinone, 2023-03-30
                     CCDC   SG     nm   T    V1     a       b       c     alpha   beta    gamma
R2SCAN-D3paw900             P21/c   2    0  9.367  7.797   3.815  15.478  90.00  102.43   90.00
PBE-D3paw900                P21/c   2    0  9.669  7.834   3.862  15.713  90.00  102.53   90.00
PBE-MBDpaw900               P21/c   2    0  9.789  7.818   3.921  15.703  90.00  102.50   90.00
VDW-DF2paw900               P21/c   2    0 10.014  7.866   3.969  15.773  90.00  102.56   90.00
1103146            1103146  P21/a   2  103  9.819 15.690   3.890   7.910  90.00  102.50   90.00
1969739            1969739  P21/c   2  123  9.745  7.878   3.889  15.640  90.00  102.57   90.00
1103145            1103145  P21/a   2  161  9.889 15.740   3.910   7.900  90.00  102.50   90.00
131969              131969  P21/c   2  162  9.753  7.867   3.895  15.651  90.00  102.55   90.00
Rather21           2075695  P121/c1 2  163  9.838  7.878   3.915  15.689  90.00  102.57   90.00
exp                         P21/c   2  163  9.838  7.878   3.915  15.689  90.00  102.57   90.00
2075696            2075696  P121/c1 2  178  9.858  7.873   3.920  15.713  90.00  102.60   90.00
2075697            2075697  P121/c1 2  193  9.895  7.870   3.930  15.732  90.00  102.57   90.00
131968              131968  P21/c   2  197  9.805  7.862   3.912  15.679  90.00  102.59   90.00
1103144            1103144  P21/a   2  201  9.940 15.760   3.930   7.890  90.00  102.50   90.00
2075698            2075698  P121/c1 2  208  9.944  7.885   3.937  15.754  90.00  102.59   90.00
2075699            2075699  P121/c1 2  223  9.964  7.888   3.943  15.758  90.00  102.62   90.00
131967              131967  P21/c   2  230  9.865  7.862   3.928  15.713  90.00  102.62   90.00
2075700            2075700  P121/c1 2  238  9.987  7.886   3.949  15.774  90.00  102.62   90.00
2075701            2075701  P121/c1 2  253  9.973  7.876   3.953  15.757  90.00  102.65   90.00
131966              131966  P21/c   2  260  9.930  7.864   3.945  15.748  90.00  102.66   90.00
1103143            1103143  P21/a   2  260 10.022 15.810   3.950   7.890  90.00  102.50   90.00
2075702            2075702  P121/c1 2  268 10.005  7.873   3.961  15.784  90.00  102.66   90.00
2075703            2075703  P121/c1 2  283 10.072  7.887   3.972  15.822  90.00  102.72   90.00
Slouf02_out         178469  P21/c   2  293  9.785  7.884   3.896  15.664  90.00  102.54   90.00
1103141            1103141  P21/a   2  295  9.955 15.810   3.942   7.865  90.00  102.89   90.00
1103147            1103147  P21/a   2  295  9.961 15.810   3.942   7.865  90.00  102.72   90.00
1103148            1103148  P21/c11 2  295  9.971  3.956   7.866  15.766 102.70   90.00   90.00
1103142            1103142  P21/a   2  295 10.085 15.830   3.970   7.890  90.00  102.50   90.00
2062996            2062996  P21/c   2  295 10.106  7.911   3.971  15.829  90.00  102.68   90.00
131965              131965  P21/c   2  296 10.004  7.868   3.963  15.784  90.00  102.69   90.00
2075704            2075704  P121/c1 2  298 10.007  7.866   3.966  15.782  90.00  102.70   90.00
