V0=9.36(2) Ao^3/atom, alpha(300K)=194 ppm/K, ndata=20, Tmin=90 K, Tmax=373 K
stilbene, 2023-04-18
                  CCDC   SG     nm   T    V1     a       b       c     alpha   beta    gamma
R2SCAN-D3paw900          P21/a   4    0  9.161 12.133   5.565  15.230  90.00  112.09   90.00
PBE-D3paw900             P21/a   4    0  9.370 12.148   5.619  15.381  90.00  111.84   90.00
Harada04_90K1    235245  P21/a   4   90  9.555 12.274   5.657  15.440  90.00  112.04   90.00
Harada04_90K3    235247  P21/a   4   90  9.559 12.276   5.658  15.442  90.00  112.04   90.00
exp                      P21/a   4   90  9.559 12.276   5.658  15.442  90.00  112.04   90.00
Harada04_90K2    235246  P21/a   4   90  9.576 12.293   5.661  15.445  90.00  112.10   90.00
1866954         1866954  P21/c   4  100  9.549 15.424   5.658  12.279  90.00  112.05   90.00
1275907         1275907  P21/a   4  113  9.594 12.287   5.660  15.478  90.00  112.03   90.00
2059796         2059796  P21/c   4  150  9.640 15.496   5.673  12.307  90.00  112.07   90.00
2095479         2095479  P21/c   4  150  9.611 15.487   5.665  12.283  90.00  111.95   90.00
Harada01_150K    174876  P21/a   4  150  9.659 12.300   5.677  15.515  90.00  111.98   90.00
Harada04_200K    235244  P21/a   4  200  9.738 12.321   5.691  15.574  90.00  111.95   90.00
Harada04_250K    235243  P21/a   4  250  9.839 12.351   5.709  15.645  90.00  111.94   90.00
1275904         1275904  P21/a   4  295  9.844 12.350   5.700  15.920  90.00  114.00   90.00
1275906         1275906  P21/a   4  295  9.903 12.382   5.720  15.936  90.00  114.15   90.00
1275908         1275908  P21/c   4  295  9.925 15.709   5.723  12.374  90.00  111.90   90.00
1275909         1275909  P21/c   4  295  9.931 15.705   5.725  12.379  90.00  111.90   90.00
1275905         1275905  P21/c   4  295  9.932 15.710   5.723  12.381  90.00  111.89   90.00
1275910         1275910  P21/c   4  295  9.935 15.935   5.722  12.404  90.00  114.00   90.00
913683           913683  P21/c   4  295  9.962 15.728   5.731  12.392  90.00  111.95   90.00
Harada01_300K    174875  P21/a   4  300  9.944 12.380   5.726  15.724  90.00  111.90   90.00
Harada01_340K    174874  P21/a   4  340 10.041 12.406   5.741  15.798  90.00  111.85   90.00
Harada01_373K    174873  P21/a   4  373 10.164 12.442   5.762  15.882  90.00  111.81   90.00
