V0=11.83(9) Ao^3/atom, alpha(300K)=411 ppm/K, ndata=9, Tmin=106 K, Tmax=268 K
benzeneF6, 2023-04-04
                         CCDC   SG     nm   T    V1     a       b       c     alpha   beta    gamma
SCAN-D3paw900                   P21/n   6    0 11.675  5.853   8.709  16.527  90.00   93.72   90.00
R2SCAN-D3paw900                 P21/n   6    0 11.926  5.879   8.787  16.657  90.00   93.77   90.00
VDW-DF2paw900                   P21/n   6    0 12.315  5.882   9.092  16.618  90.00   93.84   90.00
PBE-MBDpaw900                   P21/n   6    0 13.189  5.972   9.345  17.056  90.00   94.01   90.00
PBE-D3paw900                    P21/n   6    0 13.261  5.976   9.368  17.096  90.00   94.01   90.00
Rusek20_106K           1873847  P21/n   6  106 12.490  5.910   9.084  16.790  90.00   93.96   90.00
exp                             P21/n   6  106 12.490  5.910   9.084  16.790  90.00   93.96   90.00
Boden73_out            1175756  P21/n   6  120 12.276 16.820   9.170   5.760  90.00   95.80   90.00
Rusek20_132K           1873846  P21/n   6  132 12.563  5.914   9.131  16.793  90.00   94.00   90.00
Shorafa10               703623  P21/n   6  143 12.511  5.904   9.117  16.775  90.00   94.02   90.00
Rusek20_183K           1873845  P21/n   6  183 12.859  5.937   9.288  16.831  90.00   94.04   90.00
Rusek20_228K           1873848  P21/n   6  228 13.124  5.957   9.434  16.857  90.00   94.02   90.00
Rusek20_255K_alt       1873849  P21/n   6  255 13.284  5.969   9.490  16.932  90.00   94.19   90.00
Rusek20_255K           1873851  P21/n   6  255 13.293  5.971   9.496  16.925  90.00   94.24   90.00
Bertolucci74           1175757  P21/n   6  256 13.122 17.020   9.510   5.840  90.00   91.80   90.00
Rusek20_268K_alt       1873850  P21/n   6  268 13.348  5.970   9.517  16.958  90.00   94.15   90.00
Rusek20_275K_P0023_out 1873843  P21/n   6  275 12.723  5.890   9.316  16.738  90.00   94.08   90.00
Rusek20_297K_out       1873844  P21/n   6  297 12.859  5.906   9.364  16.782  90.00   94.02   90.00
