V0=9.65(4) Ao^3/atom, alpha(300K)=173 ppm/K, ndata=6, Tmin=80 K, Tmax=296 K
phenazine, 2023-04-18
                  CCDC   SG     nm   T    V1     a       b       c     alpha   beta    gamma
R2SCAN-D3paw900          P21/n   2    0  9.495  7.032   4.946  12.357  90.00  103.57   90.00
PBE-D3paw900             P21/n   2    0  9.746  6.968   5.033  12.529  90.00  102.58   90.00
1232382         1232382  P21/a   2   80  9.793 12.967   4.981   7.056  90.00  109.00   90.00
1232383         1232383  P21/a   2  295 10.133 13.197   5.050   7.084  90.00  109.20   90.00
1232386         1232386  P21/a   2  295 10.177 13.220   5.061   7.088  90.00  109.22   90.00
exp                      P21/n   2  295 10.183  7.087   5.073  12.758  90.00  102.36   90.00
Bernes18        1877022  P21/n   2  295 10.183  7.087   5.073  12.758  90.00  102.36   90.00
1232385         1232385  P21/n   2  295 10.205  7.083   5.072  12.794  90.00  102.34   90.00
886240           886240  P21/c   2  296 10.165  7.072   5.100  13.130  90.00  109.18   90.00
