V0=9.16(2) Ao^3/atom, alpha(300K)=179 ppm/K, ndata=6, Tmin=100 K, Tmax=295 K
carbazole, 2023-04-18
                  CCDC   SG     nm   T    V1     a       b       c     alpha   beta    gamma
R2SCAN-D3paw900          Pnma    4    0  8.984  7.502  18.788   5.609  90.00   90.00   90.00
PBE-D3paw900             Pnma    4    0  9.214  7.590  18.925   5.645  90.00   90.00   90.00
1953805         1953805  Pnma    4  100  9.328  7.621  19.000   5.669  90.00   90.00   90.00
Gajda14         1024202  Pnma    4  100  9.364  7.637  19.004   5.678  90.00   90.00   90.00
exp                      Pnma    4  100  9.364  7.637  19.004   5.678  90.00   90.00   90.00
1953804         1953804  Pnma    4  100  9.315  7.619  18.985   5.668  90.00   90.00   90.00
1525166         1525166  Pnma    4  150  9.412  7.659  19.035   5.681  90.00   90.00   90.00
Gerkin86_out    1131622  Pnma    4  168  9.285  7.628  18.935   5.657  90.00   90.00   90.00
1131621         1131621  Pbnm    4  295  9.646  5.713   7.775  19.111  90.00   90.00   90.00
1131619         1131619  Pnma    4  295  9.699  7.772  19.182   5.725  90.00   90.00   90.00
Lahiri68_out    1131623  Pnam    4  295  9.889  7.820   5.760  19.320  90.00   90.00   90.00
