V0=12.31(3) Ao^3/atom, alpha(300K)=117 ppm/K, ndata=10, Tmin=100 K, Tmax=295 K
TCNQ, 2023-04-05
                  CCDC   SG     nm   T    V1     a       b       c     alpha   beta    gamma
R2SCAN-D3paw900          C2/c    4    0 12.082  8.802   6.765  16.392  90.00   97.98   90.00
PBE-D3paw900             C2/c    4    0 12.424  8.848   6.876  16.483  90.00   97.59   90.00
1818664         1818664  C2/c    4  100 12.447  8.878   6.912  16.398  90.00   98.29   90.00
1433809         1433809  C2/c    4  100 12.459  8.884   6.904  16.421  90.00   98.24   90.00
1433810         1433810  C2/c    4  100 12.505  8.896   6.913  16.439  90.00   98.29   90.00
1433808         1433808  C2/c    4  100 12.505  8.896   6.913  16.439  90.00   98.29   90.00
1410130         1410130  C2/c    4  150 12.483  8.883   6.927  16.402  90.00   98.31   90.00
1439125         1439125  C2/c    4  150 12.487  8.875   6.934  16.407  90.00   98.32   90.00
Krupskaya15     1062348  C2/c    4  180 12.525  8.883   6.954  16.395  90.00   98.35   90.00
exp                      C2/c    4  180 12.525  8.883   6.954  16.395  90.00   98.35   90.00
1268182         1268182  C2/c    4  295 12.743  8.906   7.060  16.395  90.00   98.53   90.00
1856539         1856539  C2/c    4  295 12.766  8.901   7.068  16.416  90.00   98.54   90.00
1268184         1268184  Cc      4  295 12.770  8.910   7.068  16.403  90.00   98.51   90.00
