V0=9.10(5) Ao^3/atom, alpha(300K)=183 ppm/K, ndata=16, Tmin=90 K, Tmax=498 K
pentacene, 2023-04-18
                   CCDC   SG     nm   T    V1     a       b       c     alpha   beta    gamma
R2SCAN-D3paw900           P-1     2    0  8.981  6.222   7.516  14.227  77.60   88.07   84.40
PBE-D3paw900              P-1     2    0  9.169  6.252   7.620  14.291  77.08   88.79   84.17
Mattheus01_90K    170187  P-1     2   90  9.194  6.239   7.636  14.330  76.98   88.14   84.42
Asher20_100K     1947047  P-1     2  100  9.289  6.275   7.657  14.362  76.94   88.24   84.32
Siegrist07_120K   619978  P-1     2  120  9.384  6.292   7.690  14.410  76.86   88.16   84.36
Yanase21_123K    2026573  P-1     2  123  9.308  6.238   7.679  14.429  76.93   87.89   84.54
exp                       P-1     2  180  9.407  6.275   7.714  14.442  76.75   88.01   84.52
Holmes99_180K     114447  P-1     2  180  9.407  6.275   7.714  14.442  76.75   88.01   84.52
Mattheus01_293K   170186  P-1     2  293  9.516  6.266   7.775  14.530  76.48   87.68   84.68
145333            145333  P-1     2  293  9.521  6.265   7.786  14.511  76.65   87.50   84.61
Asher20_293K     1965795  P-1     2  293  9.526  6.269   7.777  14.534  76.46   87.68   84.69
Siegrist07_293K   619979  P-1     2  293  9.619  6.287   7.806  14.580  76.46   87.63   84.71
Schiefer07_SiO2   665900  P-1     2  293  9.680  5.958   7.596  15.610  81.25   86.56   89.80
Schiefer07_OTS    674030  P-1     2  293  9.680  5.958   7.596  15.610  81.25   86.56   89.80
Schiefer07_Topas  674031  P-1     2  293  9.682  5.959   7.596  15.610  81.25   86.56   89.80
Siegrist07_414K   619980  P-1     2  293  9.771  6.275   7.888  14.710  76.01   87.23   85.00
Campbell62_295K  1230799  P-1     2  295  9.616  7.900   6.060  16.010 101.90  112.60   85.80
Siegrist07_478K   619981  P-1     2  478  9.927  6.119   8.058  15.097  80.88   76.68   85.89
Siegrist07_498K   619982  P-1     2  498  9.984  6.124   8.078  15.134  80.80   76.71   86.04
