V0=9.610(16) Ao^3/atom, alpha(300K)=172 ppm/K, ndata=11, Tmin=90 K, Tmax=295 K
pyrene, 2023-04-18
                     CCDC   SG     nm   T    V1     a       b       c     alpha   beta    gamma
R2SCAN-D3paw900             P21/a   4    0  9.434 12.279   9.878   8.142  90.00   96.55   90.00
PBE-D3paw900                P21/a   4    0  9.605 12.408   9.872   8.211  90.00   96.74   90.00
1432441            1432441  P21/c   4   90  9.783  8.374   9.144  13.502  90.00  100.24   90.00
Frampton00          118728  P21/a   4   93  9.772 12.358  10.020   8.260  90.00   96.48   90.00
exp                         P21/a   4   93  9.772 12.358  10.020   8.260  90.00   96.48   90.00
1942289            1942289  P21/c   4  100  9.784  8.373   9.130  13.528  90.00  100.28   90.00
1058191            1058191  P21/c   4  110  9.762  8.369   9.140  13.487  90.00  100.23   90.00
1240737            1240737  P21/a   4  113  9.835 13.532   9.159   8.387  90.00  100.25   90.00
1580751            1580751  P21/c   4  293 10.106  8.463   9.252  13.644  90.00  100.33   90.00
1240739            1240739  P21/a   4  295 10.118 13.644   9.255   8.469  90.00  100.27   90.00
1240735            1240735  P21/a   4  295 10.121 13.649   9.253   8.470  90.00  100.28   90.00
Hazell72           1240736  P21/a   4  295 10.124 13.649   9.256   8.470  90.00  100.28   90.00
1240734            1240734  P21/a   4  295 10.124 13.649   9.256   8.470  90.00  100.28   90.00
1240738            1240738  P21/a   4  295 10.161 13.667   9.267   8.479  90.00  100.25   90.00
