V0=9.59(4) Ao^3/atom, alpha(300K)=165 ppm/K, ndata=5, Tmin=100 K, Tmax=296 K
triphenylbenzene, 2023-04-01
                     CCDC   SG     nm   T    V1     a       b       c     alpha   beta    gamma
R2SCAN-D3paw900             Pna21   4    0  9.335  7.224  19.558  11.100  90.00   90.00   90.00
PBE-D3paw900                Pna21   4    0  9.549  7.313  19.640  11.169  90.00   90.00   90.00
VDW-DF2paw900               Pna21   4    0  9.947  7.492  19.748  11.295  90.00   90.00   90.00
Wang22             2107131  Pna21   4  100  9.758  7.429  19.702  11.200  90.00   90.00   90.00
exp                         Pna21   4  100  9.758  7.429  19.702  11.200  90.00   90.00   90.00
1032746            1032746  Pna21   4  173  9.861  7.487  19.718  11.222  90.00   90.00   90.00
867818              867818  Pn21a   4  293 10.103  7.620  11.265  19.772  90.00   90.00   90.00
Ito21_MicroED_out  2097597  Pna21   4  293 10.785  7.800  20.200  11.500  90.00   90.00   90.00
Farag54_out        1275257  Pna21   4  295  9.782  7.470  19.660  11.190  90.00   90.00   90.00
1275258            1275258  Pna21   4  295 10.079  7.610  19.765  11.258  90.00   90.00   90.00
970545              970545  Pna21   4  296 10.046  7.596  19.748  11.251  90.00   90.00   90.00
