V0=9.51(7) Ao^3/atom, alpha(300K)=353 ppm/K, ndata=11, Tmin=15 K, Tmax=270 K
benzene, 2023-03-25
                   CCDC   SG     nm   T    V1     a       b       c     alpha   beta    gamma
SCAN-D3paw900             Pbca    4    0  9.211  7.225   9.244   6.620  90.00   90.00   90.00
R2SCAN-D3paw900           Pbca    4    0  9.311  7.260   9.269   6.642  90.00   90.00   90.00
PBE-D3paw900              Pbca    4    0  9.544  7.322   9.328   6.708  90.00   90.00   90.00
PBE-D3paw600              Pbca    4    0  9.575  7.311   9.348   6.725  90.00   90.00   90.00
Jeffrey87_D_15K  1108755  Pbca    4   15  9.636  7.360   9.375   6.703  90.00   90.00   90.00
1454032          1454032  Pbca    4   90  9.789  7.383   9.419   6.758  90.00   90.00   90.00
Woinska16        1423904  Pbca    4  100  9.896  7.409   9.454   6.781  90.00   90.00   90.00
exp                       Pbca    4  100  9.896  7.409   9.454   6.781  90.00   90.00   90.00
1913527          1913527  Pbca    4  100  9.896  6.781   7.409   9.454  90.00   90.00   90.00
Jeffrey87_D_123K 1108756  Pbca    4  123  9.856  7.398   9.435   6.778  90.00   90.00   90.00
Bacon64_138K     1108750  Pbca    4  138  9.876  7.390   9.420   6.810  90.00   90.00   90.00
Nayak10           725244  Pbca    4  150 10.298  6.914   7.476   9.563  90.00   90.00   90.00
Bacon64_218K     1108749  Pbca    4  218 10.243  7.440   9.550   6.920  90.00   90.00   90.00
1843296          1843296  Pbca    4  225 10.297  6.934   7.453   9.565  90.00   90.00   90.00
1108751          1108751  Pbca    4  270 10.554  7.460   9.660   7.030  90.00   90.00   90.00
1843297          1843297  Pbca    4  270 10.588  7.027   7.479   9.670  90.00   90.00   90.00
1108754_out      1108754  Pbca    4  294  9.218  7.170   9.280   6.650  90.00   90.00   90.00
757059_out        757059  Pbca    4  295 10.099  7.380   9.515   6.903  90.00   90.00   90.00
298306_out        298306  Pbca    4  296  8.972  7.221   9.050   6.590  90.00   90.00   90.00
298305_out        298305  Pbca    4  296  9.341  7.287   9.200   6.688  90.00   90.00   90.00
298307_out        298307  Pbca    4  296  9.491  7.243   9.310   6.756  90.00   90.00   90.00
