V0=9.336(13) Ao^3/atom, alpha(300K)=179 ppm/K, ndata=22, Tmin=90 K, Tmax=295 K
anthracene, 2023-04-18
                  CCDC   SG     nm   T    V1     a       b       c     alpha   beta    gamma
R2SCAN-D3paw900          P21/c   2    0  9.154  9.153   5.939   8.268  90.00  102.15   90.00
PBE-D3paw900             P21/c   2    0  9.381  9.251   5.932   8.400  90.00  102.34   90.00
1432438         1432438  P21/c   2   90  9.485  9.295   5.965   8.414  90.00  102.62   90.00
Brock90_94K     1103069  P21/a   2   94  9.510  8.414   5.990  11.095  90.00  125.29   90.00
exp                      P21/c   2   94  9.510  9.275   5.990   8.414  90.00  102.48   90.00
1103063         1103063  P21/a   2   95  9.549  8.443   6.002  11.124  90.00  125.60   90.00
1047885         1047885  P21/c   2  100  9.489  9.263   5.992   8.409  90.00  102.61   90.00
1047883         1047883  P21/c   2  100  9.507  9.269   5.995   8.410  90.00  102.48   90.00
1947046         1947046  P21/c   2  100  9.519  9.288   5.990   8.413  90.00  102.53   90.00
1103068         1103068  P1121/b 2  100  9.521 11.092   8.407   6.006  90.00   90.00  125.31
1047884         1047884  P21/c   2  100  9.540  9.284   5.999   8.421  90.00  102.49   90.00
2220291         2220291  P21/c   2  123  9.567  9.300   5.999   8.434  90.00  102.60   90.00
Brock90_140K    1103070  P21/a   2  140  9.578  8.441   5.996  11.112  90.00  125.18   90.00
2073394         2073394  P21/c   2  150  9.544  9.306   5.988   8.425  90.00  102.62   90.00
Brock90_181K    1103071  P21/a   2  181  9.637  8.467   5.999  11.124  90.00  125.06   90.00
Brock90_220K    1103072  P21/a   2  220  9.708  8.496   6.003  11.141  90.00  124.91   90.00
Brock90_259K    1103073  P21/a   2  259  9.781  8.525   6.009  11.155  90.00  124.76   90.00
1965794         1965794  P21/c   2  293  9.825  9.452   6.007   8.542  90.00  103.51   90.00
1103075         1103075  P21/a   2  295  9.839  8.542   6.016  11.163  90.00  124.59   90.00
950158           950158  P21/c   2  295  9.851  9.458   6.010   8.558  90.00  103.58   90.00
Brock90_295K    1103074  P21/a   2  295  9.858  8.553   6.016  11.172  90.00  124.60   90.00
1103067         1103067  P1121/b 2  295  9.861 11.174   8.554   6.016  90.00   90.00  124.60
1103066         1103066  P21/a   2  295  9.880  8.561   6.036  11.163  90.00  124.70   90.00
1103064         1103064  P21/a   2  295  9.880  8.561   6.036  11.163  90.00  124.70   90.00
1103062         1103062  P21/a   2  295  9.903  8.562   6.038  11.184  90.00  124.70   90.00
