V0=9.378(19) Ao^3/atom, alpha(300K)=195 ppm/K, ndata=22, Tmin=5 K, Tmax=295 K
naphthalene, 2023-03-30
                     CCDC   SG     nm   T    V1     a       b       c     alpha   beta    gamma
R2SCAN-D3paw900             P21/c   2    0  9.147  7.691   5.882   7.965  90.00  113.94   90.00
PBE-D3paw900                P21/c   2    0  9.413  7.812   5.902   8.064  90.00  114.29   90.00
PBE-MBDpaw900               P21/c   2    0  9.507  7.835   5.928   8.104  90.00  114.58   90.00
VDW-DF2paw900               P21/c   2    0  9.899  8.084   5.983   8.224  90.00  116.37   90.00
Capelli06_5K_N      600182  P21/a   2    5  9.456  8.080   5.933   8.632  90.00  124.65   90.00
Capelli06_10K       600174  P21/a   2   10  9.468  8.085   5.938   8.634  90.00  124.67   90.00
Capelli06_30K_N     600183  P21/a   2   30  9.464  8.082   5.933   8.634  90.00  124.62   90.00
Capelli06_30K       600175  P21/a   2   30  9.473  8.085   5.938   8.634  90.00  124.65   90.00
Capelli06_60K       600176  P21/a   2   60  9.501  8.093   5.940   8.635  90.00  124.52   90.00
Capelli06_80K_N     600184  P21/a   2   80  9.530  8.102   5.940   8.646  90.00  124.46   90.00
Capelli06_90K       600177  P21/a   2   90  9.544  8.112   5.940   8.649  90.00  124.47   90.00
Matsumoto16_out    1432440  P21/c   2   90  9.689  7.873   5.965   8.152  90.00  114.34   90.00
Oddershede04_100K   233928  P21/c   2  100  9.512  7.825   5.935   8.100  90.00  114.44   90.00
exp                         P21/c   2  100  9.512  7.825   5.935   8.100  90.00  114.44   90.00
Capelli06_120K      600178  P21/a   2  120  9.596  8.128   5.945   8.660  90.00  124.34   90.00
1216810            1216810  P21/a   2  123  9.560  8.098   5.953   8.652  90.00  124.40   90.00
Oddershede04_135K   233929  P21/c   2  135  9.587  7.861   5.941   8.122  90.00  114.53   90.00
Capelli06_150K      600179  P21/a   2  150  9.649  8.145   5.950   8.665  90.00  124.19   90.00
Capelli06_150K_N    600185  P21/a   2  150  9.660  8.145   5.954   8.659  90.00  124.09   90.00
Oddershede04_170K   233930  P21/c   2  170  9.628  7.893   5.943   8.138  90.00  114.76   90.00
Capelli06_180K      600180  P21/a   2  180  9.707  8.165   5.955   8.670  90.00  124.00   90.00
Oddershede04_205K   233931  P21/c   2  205  9.720  7.944   5.953   8.164  90.00  115.00   90.00
Capelli06_220K      600181  P21/a   2  220  9.793  8.194   5.960   8.675  90.00  123.69   90.00
Capelli06_220K_N    600186  P21/a   2  220  9.812  8.194   5.968   8.669  90.00  123.57   90.00
1216809            1216809  P21/a   2  295  9.980  8.235   6.003   8.658  90.00  122.92   90.00
1216808            1216808  P21/a   2  295  9.980  8.235   6.003   8.658  90.00  122.92   90.00
Capelli06_295K_N    600187  P21/a   2  295 10.016  8.256   5.983   8.677  90.00  122.73   90.00
1216811            1216811  P21/a   2  295 10.018  8.259   5.980   8.668  90.00  122.60   90.00
Padgett07_out       638506  P21     2  298 10.137  8.687   6.012   8.294  90.00  122.60   90.00
